5288.86467 15.021 0.005
5293.82944 15.015 0.005
5294.81492 15.038 0.005
5296.85738 15.051 0.006
5298.92816 14.991 0.005
5301.84345 15.053 0.005
5306.77822 15.015 0.005
5308.79520 15.051 0.005
5312.92902 15.004 0.005
5314.90351 15.017 0.005
5316.78762 15.010 0.006
5320.74979 15.010 0.005
5321.89098 15.027 0.005
5323.80419 15.048 0.005
5324.93331 15.022 0.005
5326.77925 15.054 0.005
5327.92032 14.998 0.005
5334.76980 14.991 0.005
5336.81180 15.054 0.005
5338.90682 15.061 0.006
5340.85418 15.014 0.006
5342.61372 15.016 0.005
5343.64455 15.048 0.006
5348.78489 14.998 0.005
5350.71116 15.057 0.005
5353.69350 15.050 0.005
5355.86592 15.031 0.006
5361.65811 15.030 0.006
5365.69999 15.065 0.005
5378.61267 15.040 0.005
5380.64555 15.002 0.005
5382.79588 15.042 0.006
5385.53344 15.022 0.005
5385.63290 15.006 0.005
5385.73525 14.998 0.005
5388.71866 15.022 0.005
5391.81360 15.029 0.005
5397.68142 15.056 0.005
5405.63517 15.047 0.006
5409.47504 15.038 0.005
5413.51129 14.999 0.005
5422.55336 14.998 0.005
5433.68107 15.024 0.005
5439.57304 15.026 0.005
5447.50709 15.024 0.005
5457.56428 15.063 0.005
5465.51868 15.046 0.007
5472.59298 15.044 0.006
5490.52586 15.033 0.006
5602.85534 15.025 0.005
5604.86323 15.020 0.005
5605.85939 15.008 0.005
5606.85942 15.018 0.005
5607.86253 15.033 0.005
5608.85353 15.029 0.005
5611.84913 15.056 0.005
5612.85839 15.068 0.005
5613.89320 15.008 0.006
5615.84993 15.053 0.005
5616.84405 15.054 0.005
5621.83505 15.016 0.005
5622.82303 15.026 0.005
5624.77941 15.069 0.005
5626.83826 15.015 0.005
5628.77941 15.031 0.005
5629.77486 15.021 0.005
5631.83974 15.059 0.006
5632.86888 15.005 0.005
5633.76804 15.011 0.005
5635.80093 15.066 0.005
5637.77970 15.049 0.005
5638.90941 15.044 0.005
5639.76577 15.051 0.005
5642.77764 15.020 0.005
5647.76423 15.011 0.005
5649.80015 15.053 0.005
5654.80555 15.015 0.005
5658.86353 15.046 0.005
5662.91655 15.059 0.005
5668.82001 15.013 0.005
5675.80353 15.035 0.005
5679.90118 15.052 0.005
5682.92774 15.028 0.005
5686.81896 15.013 0.005
5692.66980 15.020 0.005
5694.84352 15.009 0.005
5697.70296 15.030 0.005
5702.59209 15.031 0.005
5706.87832 15.013 0.005
5710.85230 15.001 0.005
5715.86630 15.057 0.005
5722.83738 15.037 0.005
5726.53338 15.029 0.006
5735.68399 15.015 0.005
5737.79594 15.039 0.005
5740.65308 15.043 0.005
5742.68363 15.048 0.005
5745.73050 15.028 0.005
5749.51905 15.052 0.005
5760.57807 15.019 0.006
5765.54428 15.010 0.005
5768.79727 15.061 0.005
5777.67539 15.005 0.005
5784.49153 15.038 0.006
5784.62270 15.013 0.005
5786.48299 15.023 0.005
5790.59378 15.012 0.005
5794.69431 15.036 0.005
5803.52872 15.044 0.005
5815.51048 15.005 0.005
5819.54579 15.060 0.005
5824.56155 14.995 0.005
5829.53885 15.019 0.005
5833.59544 15.010 0.005
5841.53274 15.018 0.005
5845.57438 15.062 0.006
5854.53130 15.025 0.005
5972.88525 15.012 0.005
5984.89529 15.026 0.005
5990.82992 15.051 0.005
5995.77155 15.050 0.005
5999.82413 15.033 0.005
6002.77424 15.023 0.005
6002.89557 15.015 0.005
6003.86088 15.032 0.005
6010.83663 15.012 0.005
6013.91522 15.004 0.005
6016.91780 15.034 0.006
6019.90191 15.041 0.005
6022.79452 15.072 0.005
6025.72063 15.010 0.005
6032.92224 15.042 0.005
6037.74632 15.023 0.005
6040.90095 15.048 0.005
6048.76926 15.026 0.005
6051.67046 15.054 0.005
6057.70022 15.009 0.005
6057.85952 15.055 0.005
6058.65516 15.049 0.005
6061.84369 15.067 0.005
6064.83522 15.043 0.005
6067.60040 15.036 0.005
6069.69500 15.038 0.005
6071.67267 15.040 0.005
6076.70676 15.046 0.005
6078.84596 15.048 0.005
6080.80642 15.058 0.005
6086.60244 15.015 0.005
6089.66022 15.031 0.005
6093.83530 15.058 0.005
6096.88939 15.041 0.005
6100.52017 15.033 0.005
6101.84117 15.031 0.005
6103.74124 15.056 0.005
6105.69963 15.023 0.005
6113.71467 15.007 0.005
6115.68963 15.025 0.005
6117.69815 15.007 0.005
6119.63628 15.056 0.005
6121.64875 15.007 0.005
6124.71442 15.048 0.005
6126.77628 15.037 0.005
6132.61553 15.043 0.005
6135.67856 15.014 0.005
6140.67757 15.058 0.005
6147.62427 15.043 0.005
6151.61243 15.056 0.005
6158.55647 15.068 0.005
6161.63985 15.052 0.005
6169.54863 15.029 0.005
6175.66049 15.067 0.005
6182.64606 15.021 0.005
6191.50477 15.034 0.005
6198.59691 15.058 0.006
6210.52317 15.052 0.005
6217.51695 15.017 0.005
6347.87497 15.016 0.005
6354.89548 15.039 0.005
6363.80388 15.063 0.005
6370.89361 15.023 0.005
6375.82406 15.063 0.005
6375.84238 15.044 0.005
6382.78599 15.049 0.005
6388.79049 15.004 0.005
6391.71978 15.058 0.005
6395.84073 15.007 0.005
6398.83543 15.019 0.005
6401.88015 15.038 0.005
6404.84912 15.046 0.005
6408.82850 15.018 0.005
6417.74551 15.048 0.005
6419.85731 15.031 0.005
6423.65172 15.018 0.005
6426.84539 15.007 0.005
6431.90043 15.006 0.005
6434.67451 15.014 0.005
6436.72205 15.041 0.005
6442.61615 15.011 0.005
6445.69082 15.004 0.005
6447.67928 15.007 0.005
6449.61499 15.065 0.005
6451.54538 15.010 0.005
6454.54274 15.036 0.005
6456.72521 15.020 0.005
6458.85854 15.046 0.005
6461.61540 15.050 0.005
6463.76036 15.011 0.005
6468.80541 15.047 0.005
6473.75498 15.061 0.005
6475.70687 15.018 0.005
6477.68661 15.020 0.005
6480.71005 15.056 0.005
6485.50337 15.017 0.005
6487.60667 15.012 0.005
6490.71440 15.032 0.005
6496.53226 15.008 0.005
6498.72682 15.022 0.005
6505.51705 15.062 0.006
6508.66455 15.006 0.005
6511.64372 15.008 0.005
6518.54647 15.055 0.005
6524.57431 15.026 0.005
6531.68272 15.037 0.005
6538.60197 15.038 0.005
6545.65205 15.053 0.005
6560.50843 14.999 0.005
6573.55086 15.044 0.005
6741.87520 15.062 0.005
6742.84914 15.049 0.005
6745.89635 15.010 0.005
6750.76018 15.013 0.005
6752.81874 15.020 0.005
6755.88410 15.050 0.005
6757.86406 15.048 0.005
6759.88906 15.011 0.005
6761.82044 15.041 0.005
6763.80476 15.056 0.005
6768.93230 15.015 0.005
6770.77458 15.057 0.006
6772.67877 15.026 0.005
6773.83696 15.049 0.005
6775.77692 15.010 0.005
6776.89594 15.002 0.005
6777.73263 15.041 0.005
6784.89439 15.048 0.005
6785.88643 15.050 0.005
6786.91170 15.016 0.005
6789.80217 15.014 0.005
6790.88533 14.997 0.005
6791.94127 15.061 0.006
6796.65357 15.040 0.005
6797.75486 15.040 0.005
6799.90729 15.028 0.006
6804.60546 15.065 0.005
6805.65642 15.011 0.005
6807.61588 15.049 0.005
6808.66393 15.031 0.005
6809.70825 15.053 0.005
6810.76355 15.028 0.005
6811.78235 15.058 0.005
6813.89037 15.052 0.005
6815.61481 15.024 0.006
6816.70072 14.995 0.005
6817.78339 15.032 0.005
6819.64575 15.031 0.005
6823.85880 15.006 0.005
6824.90210 15.054 0.006
6826.53241 15.035 0.005
6827.57787 15.041 0.005
6828.62561 15.028 0.005
6829.62201 15.029 0.005
6830.65463 15.058 0.005
6831.79192 15.026 0.005
6832.82555 15.035 0.005
6834.50068 15.057 0.005
6835.55219 15.003 0.005
6836.59239 15.060 0.005
6837.59849 15.047 0.005
6838.59837 15.053 0.005
6839.60988 15.029 0.005
6840.67546 15.055 0.005
6841.77991 15.066 0.005
6842.82611 15.016 0.005
6844.84703 15.041 0.006
6845.83543 15.030 0.005
6847.78039 15.018 0.005
6851.78917 15.040 0.005
6855.51908 15.009 0.005
6856.54824 15.048 0.005
6857.59162 15.018 0.005
6858.67320 15.048 0.005
6862.63172 15.063 0.005
6863.70933 15.034 0.005
6872.53382 15.045 0.005
6878.57070 15.023 0.006
6880.69302 15.051 0.006
6882.62848 15.017 0.005
6885.57623 15.055 0.005
6886.71502 15.004 0.005
6888.64197 15.053 0.005
6890.57969 15.021 0.005
6895.53250 15.010 0.005
6912.63019 15.027 0.005
6918.54931 15.048 0.005
6922.62647 15.056 0.005
6926.48642 15.067 0.005
6929.50980 15.025 0.006
6932.55361 15.061 0.006
6936.49336 15.030 0.005
6942.51283 15.018 0.006
7069.87628 15.061 0.005
7074.88664 15.022 0.005
7075.86271 15.008 0.005
7078.86521 15.021 0.005
7082.86705 15.062 0.005
7086.89543 15.011 0.005
7090.82554 15.067 0.005
7097.89470 15.043 0.005
7100.87989 15.037 0.005
7110.80722 15.031 0.005
7112.91819 15.010 0.005
7115.73226 15.063 0.005
7117.71417 15.055 0.005
7119.77642 15.012 0.005
7126.87745 15.054 0.005
7130.77798 15.009 0.005
7132.68558 15.032 0.005
7134.75753 15.007 0.005
7135.91579 15.060 0.005
7137.76039 15.019 0.005
7138.88771 15.046 0.005
7140.74357 15.036 0.005
7141.87687 15.058 0.005
7143.69872 15.013 0.005
7144.82729 15.049 0.006
7146.71794 15.042 0.005
7147.73765 15.049 0.005
7152.89580 15.054 0.005
7154.65407 15.048 0.005
7155.72946 15.027 0.005
7157.61898 15.032 0.005
7158.75690 15.062 0.005
7159.82499 15.028 0.005
7160.89555 15.024 0.005
7162.61936 15.054 0.005
7163.67336 15.020 0.005
7164.81664 15.059 0.005
7166.60329 15.059 0.005
7166.78686 15.041 0.005
7168.70497 15.033 0.005
7169.69279 15.042 0.005
7169.88758 15.060 0.005
7170.67980 15.050 0.005
7170.86932 15.050 0.005
7172.68208 15.025 0.005
7172.87292 15.055 0.005
7173.65890 15.045 0.005
7173.85460 15.050 0.005
7174.62352 15.060 0.005
7174.79571 15.009 0.005
7175.57956 15.026 0.005
7175.75532 15.052 0.005
7178.67754 15.030 0.006
7178.84898 15.048 0.005
7179.62205 15.035 0.005
7179.78662 15.048 0.005
7180.57443 15.061 0.005
7180.73563 15.024 0.005
7180.90958 15.057 0.005
7181.69591 15.066 0.005
7181.86608 15.012 0.005
7182.63029 15.013 0.005
7182.82259 15.031 0.005
7183.58368 15.052 0.005
7183.76821 15.037 0.005
7184.57401 15.057 0.006
7184.75934 15.045 0.005
7184.92323 15.022 0.005
7185.72238 15.007 0.005
7185.88925 15.055 0.005
7186.84550 15.036 0.005
7187.62648 15.035 0.005
7187.80962 15.020 0.005
7188.59666 15.013 0.005
7188.78370 15.040 0.006
7189.64184 15.051 0.005
7189.82260 15.039 0.005
7190.61216 15.056 0.005
7190.81061 15.025 0.005
7191.63881 15.036 0.005
7192.84720 15.048 0.005
7192.87245 14.999 0.005
7193.66917 15.034 0.005
7193.85368 15.015 0.005
7194.61668 15.055 0.005
7194.80865 15.050 0.005
7197.64863 15.026 0.005
7197.83542 15.021 0.005
7198.62827 15.012 0.005
7198.81411 15.030 0.005
7199.58850 15.026 0.005
7199.77122 15.068 0.005
7200.52665 15.047 0.005
7200.70639 15.003 0.005
7202.64437 15.064 0.005
7202.86611 15.060 0.005
7206.67782 15.003 0.005
7206.83799 15.063 0.005
7207.64671 15.026 0.005
7207.83585 15.057 0.005
7209.74243 15.008 0.005
7211.52053 15.020 0.005
7211.70284 15.048 0.005
7212.57527 15.056 0.005
7214.65104 15.051 0.005
7217.59901 15.013 0.005
7219.51173 15.050 0.005
7219.71971 15.044 0.005
7220.61146 15.051 0.005
7220.79138 15.017 0.005
7221.58910 15.037 0.005
7221.77150 15.014 0.005
7222.56277 15.001 0.005
7222.77752 15.013 0.005
7223.61756 15.048 0.005
7224.46873 15.050 0.005
7224.66259 15.011 0.005
7225.50079 15.043 0.005
7226.51657 15.000 0.005
7226.70146 15.059 0.005
7227.48515 15.039 0.005
7227.66002 15.050 0.005
7228.48663 15.026 0.005
7228.67070 15.061 0.005
7229.51492 15.013 0.005
7229.67959 15.049 0.005
7233.49283 15.027 0.005
7233.53467 15.059 0.006
7235.69998 15.025 0.005
7236.55971 15.009 0.005
7249.55783 15.013 0.005
7249.70255 15.042 0.005
7252.53641 15.011 0.005
7253.49134 15.058 0.005
7253.68348 15.040 0.005
7255.65107 15.008 0.005
7256.65418 15.035 0.005
7261.50937 15.028 0.006
7261.67037 15.045 0.006
7263.63594 15.045 0.005
7264.58237 15.009 0.005
7265.54566 15.022 0.005
7267.48020 15.050 0.005
7268.48138 15.057 0.005
7268.67680 15.030 0.005
7269.66517 15.035 0.005
7270.60894 15.034 0.005
7271.56480 15.048 0.005
7273.53563 15.036 0.005
7275.54016 15.063 0.005
7277.51491 15.058 0.005
7278.49847 15.037 0.005
7281.51010 15.052 0.006
7284.54963 15.011 0.005
7292.52764 15.059 0.005
7299.56817 15.049 0.005
7318.53199 15.042 0.005
7436.82907 15.011 0.005
7437.82749 15.026 0.005
7438.89126 15.067 0.005
7440.82396 15.029 0.005
7441.86815 15.045 0.005
7442.89237 15.021 0.005
7445.86701 15.025 0.005
7446.87797 15.006 0.005
7447.88568 15.035 0.005
7448.89955 15.054 0.005
7451.82925 15.018 0.005
7452.86124 15.032 0.005
7453.86759 15.060 0.005
7455.81853 15.020 0.005
7456.82467 15.039 0.005
7457.82022 15.049 0.006
7458.81545 15.040 0.005
7460.81603 15.068 0.005
7461.81523 15.072 0.005
7462.80220 15.070 0.005
7463.82912 15.053 0.005
7465.77112 15.049 0.005
7465.89961 15.075 0.005
7467.83380 15.013 0.005
7470.79069 15.029 0.005
7470.91776 15.011 0.005
7471.87456 15.056 0.005
7472.81283 15.024 0.005
7473.78116 15.004 0.005
7474.81366 15.051 0.005
7474.91872 15.038 0.005
7475.84940 15.042 0.006
7484.80529 15.015 0.005
7485.91171 15.003 0.005
7486.72209 15.032 0.006
7487.82399 15.040 0.005
7489.80141 15.037 0.005
7492.71536 15.053 0.005
7493.70879 15.052 0.005
7493.92848 15.063 0.005
7494.91694 15.068 0.005
7495.89560 15.067 0.005
7498.79051 15.040 0.005
7499.78197 15.053 0.005
7500.72332 15.043 0.005
7500.92490 15.009 0.005
7508.76861 15.041 0.005
7509.86502 15.014 0.005
7512.80023 15.051 0.005
7522.87119 15.016 0.005
7526.77668 15.056 0.005
7529.80287 15.025 0.005
7534.78386 15.022 0.005
7536.78302 15.038 0.005
7545.92490 15.012 0.005
7547.55895 15.003 0.005
7547.89957 15.024 0.005
7549.81365 15.057 0.005
7550.79225 15.040 0.005
7554.89524 15.052 0.005
7555.51788 15.018 0.005
7555.84131 15.005 0.005
7557.82757 15.028 0.005
7561.62651 15.066 0.005
7562.61089 15.052 0.005
7566.81354 15.054 0.005
7567.49053 15.052 0.005
7567.75748 15.022 0.005
7568.49189 15.048 0.005
7568.75633 15.027 0.005
7569.49078 15.035 0.005
7569.77381 15.052 0.005
7570.72554 15.009 0.005
7573.64313 15.070 0.005
7575.57487 15.013 0.005
7575.74280 15.059 0.005
7576.50818 15.067 0.005
7576.70148 15.026 0.005
7576.84159 15.057 0.005
7579.69885 15.052 0.005
7581.82191 15.060 0.005
7584.52939 15.027 0.005
7584.67219 15.065 0.005
7589.47503 15.007 0.005
7589.63049 15.054 0.005
7589.78560 15.029 0.005
7590.57592 14.995 0.005
7590.72358 15.043 0.005
7593.50058 15.073 0.005
7593.66639 15.010 0.005
7595.56393 15.029 0.005
7596.59310 15.067 0.005
7599.50187 15.031 0.005
7599.56934 15.060 0.005
7599.67865 15.066 0.005
7599.69113 15.051 0.005
7600.51084 15.016 0.005
7600.55136 15.057 0.005
7600.60456 15.008 0.005
7600.73416 15.010 0.005
7601.73195 15.021 0.005
7601.74435 15.031 0.005
7602.57152 15.022 0.005
7602.73253 15.041 0.006
7603.54708 15.063 0.005
7603.69546 15.016 0.005
7604.52391 15.047 0.005
7604.66528 15.041 0.005
7605.50271 15.046 0.005
7605.66900 15.028 0.005
7606.67753 15.018 0.005
7607.58675 15.029 0.005
7607.74558 15.064 0.005
7608.66707 15.006 0.005
7609.52215 15.031 0.005
7609.71279 15.063 0.005
7610.55766 15.030 0.005
7611.51170 15.027 0.005
7612.51200 15.005 0.005
7612.65305 15.035 0.005
7616.51633 15.022 0.005
7616.69590 15.029 0.005
7617.63538 15.037 0.005
7618.52328 15.057 0.005
7618.68533 15.021 0.005
7621.52442 15.061 0.005
7621.70352 15.044 0.006
7622.65542 15.011 0.005
7623.55288 15.011 0.005
7624.49332 15.057 0.005
7624.68443 15.038 0.005
7625.65675 15.010 0.005
7626.64984 15.007 0.005
7630.62415 15.019 0.005
7631.60142 15.024 0.005
7632.58664 15.019 0.005
7633.62880 15.040 0.005
7635.54532 15.058 0.005
7636.59675 15.043 0.005
7637.58659 15.031 0.005
7638.61301 15.068 0.005
7643.51019 15.005 0.005
7644.56878 15.058 0.005
7647.55126 15.062 0.005
7648.58985 15.011 0.005
7649.61497 15.044 0.005
7650.50065 15.054 0.005
7650.52067 15.064 0.005
7651.51596 15.056 0.005
7651.55999 15.023 0.005
7652.50315 15.054 0.005
7652.58004 15.026 0.005
7653.50259 15.067 0.005
7654.48803 15.061 0.005
7654.50721 15.064 0.005
7655.50392 15.050 0.005
7656.50572 15.043 0.005
7656.53004 15.010 0.005
7657.55618 15.045 0.005
7658.48669 15.048 0.005
7658.51228 15.012 0.005
7659.51431 15.007 0.005
7660.50433 15.009 0.005
7660.55517 15.070 0.005
7661.50591 15.022 0.005
7662.50598 15.031 0.005
7662.52667 15.047 0.005
7664.50470 15.039 0.005
7664.57182 15.017 0.005
7665.50862 15.058 0.005
7666.50690 15.056 0.005
7666.55330 15.028 0.005
7667.51199 15.060 0.005
7671.49311 15.042 0.005
7672.49452 15.043 0.005
7673.50106 15.027 0.005
7675.49980 15.011 0.005
7682.49695 15.059 0.005
7683.49617 15.056 0.005
7791.88014 15.036 0.005
7792.88296 15.045 0.005
7793.87443 15.057 0.005
7794.88141 15.061 0.005
7795.88544 15.078 0.005
7798.85536 15.053 0.005
7800.85975 15.037 0.005
7802.83965 15.053 0.006
7807.85423 15.023 0.005
7810.83119 15.016 0.005
7812.89626 15.047 0.005
7816.82400 15.059 0.005
7818.86706 15.017 0.005
7820.90120 15.065 0.005
7823.80578 15.055 0.005
7825.83788 15.021 0.005
7827.81525 15.004 0.006
7829.80609 15.027 0.005
7834.80558 15.064 0.005
7834.91560 15.059 0.006
7835.88230 15.043 0.005
7836.83497 15.019 0.005
7837.77155 15.051 0.005
7837.87992 15.053 0.005
7838.82698 15.014 0.005
7839.76266 15.061 0.005
7839.88784 15.072 0.005
7840.81517 15.023 0.005
7841.75838 15.065 0.006
7841.86910 15.055 0.006
7842.78469 15.036 0.005
7842.89398 15.032 0.005
7843.82563 15.034 0.005
7844.73582 15.061 0.005
7844.85274 15.066 0.005
7845.76004 15.026 0.005
7845.87767 15.029 0.005
7846.80794 15.047 0.005
7846.91705 15.040 0.005
7847.81863 15.068 0.005
7848.72492 15.042 0.005
7848.83182 15.051 0.005
7849.73749 15.021 0.005
7849.85478 15.036 0.005
7850.74965 15.022 0.005
7850.86845 15.029 0.005
7851.76739 15.035 0.005
7851.88752 15.052 0.005
7852.87370 15.046 0.005
7853.92631 15.024 0.006
7854.80736 15.028 0.005
7854.92038 15.027 0.005
7855.82874 15.014 0.005
7856.72687 15.044 0.006
7856.83940 15.037 0.006
7857.86676 15.053 0.006
7862.68851 15.047 0.005
7862.79848 15.046 0.005
7862.92264 15.056 0.005
7863.89258 15.030 0.005
7864.85085 15.023 0.005
7865.70731 15.056 0.005
7865.82658 15.052 0.005
7866.70303 15.046 0.005
7866.83052 15.022 0.005
7867.83461 15.019 0.005
7868.76242 15.045 0.005
7868.90251 15.065 0.006
7869.76207 15.062 0.005
7869.89390 15.074 0.005
7870.77365 15.061 0.005
7870.90469 15.026 0.005
7871.78834 15.042 0.005
7871.93131 15.022 0.005
7872.79830 15.029 0.005
7872.93658 15.028 0.005
7873.76731 15.048 0.005
7873.90287 15.008 0.005
7874.73606 15.059 0.006
7874.85882 15.064 0.005
7875.81502 15.049 0.005
7875.92671 15.049 0.005
7876.74042 15.053 0.005
7876.87743 15.006 0.005
7877.70101 15.066 0.005
7877.83319 15.076 0.006
7878.73894 15.039 0.005
7878.87417 15.023 0.005
7879.69846 15.062 0.005
7879.85104 15.023 0.005
7880.72729 15.035 0.005
7880.84912 15.007 0.005
7881.80525 15.056 0.005
7881.92602 15.049 0.006
7882.80302 15.057 0.005
7882.93267 15.030 0.005
7890.69771 15.049 0.006
7890.85560 15.054 0.005
7893.67639 15.028 0.005
7893.80512 15.066 0.005
7893.91481 15.054 0.005
7894.66017 15.028 0.005
7894.78792 15.050 0.005
7894.89732 15.054 0.005
7895.76167 15.032 0.005
7897.70136 15.034 0.005
7900.91582 15.018 0.006
7901.63696 15.058 0.005
7901.79233 15.026 0.005
7902.62772 15.062 0.005
7902.75043 15.061 0.005
7902.92576 15.017 0.006
7903.79653 15.010 0.005
7903.91404 15.017 0.005
7904.65585 15.032 0.005
7904.78432 15.007 0.005
7904.89371 15.016 0.005
7905.62271 15.056 0.005
7905.74996 15.051 0.005
7905.86260 15.041 0.005
7906.57118 15.025 0.005
7906.68939 15.049 0.005
7906.81163 15.060 0.005
7906.92055 15.049 0.005
7907.68754 15.050 0.005
7907.81880 15.059 0.005
7908.63450 15.022 0.005
7908.76389 15.022 0.005
7908.87376 15.009 0.005
7909.56548 15.040 0.005
7909.68556 15.056 0.005
7909.79659 15.051 0.005
7909.90245 15.056 0.005
7910.58275 15.072 0.005
7910.70075 15.061 0.005
7910.82291 15.047 0.005
7911.55266 15.057 0.006
7911.65808 15.043 0.005
7911.82759 15.035 0.006
7916.61086 15.031 0.006
7916.70519 15.022 0.005
7916.80923 15.016 0.005
7916.90448 15.002 0.006
7917.64230 15.059 0.005
7917.75748 15.069 0.005
7917.86430 15.071 0.005
7918.61917 15.054 0.005
7922.61890 15.050 0.005
7922.74897 15.019 0.005
7923.61836 15.033 0.005
7923.75547 15.009 0.005
7923.87493 15.027 0.006
7924.54115 15.030 0.005
7924.64661 15.013 0.005
7924.77550 15.033 0.005
7924.87753 14.997 0.005
7925.67285 15.069 0.005
7925.81005 15.065 0.005
7926.57936 15.051 0.005
7926.72751 15.013 0.005
7928.57699 15.049 0.005
7932.60823 15.053 0.005
7932.73287 15.058 0.005
7933.51742 15.065 0.006
7933.59884 15.042 0.005
7933.72065 15.050 0.005
7934.53447 15.042 0.005
7934.65061 15.033 0.005
7934.76482 15.023 0.005
7935.50390 15.068 0.005
7935.63253 15.039 0.005
7935.74483 15.056 0.005
7935.86396 15.041 0.005
7936.49020 15.063 0.005
7936.60673 15.059 0.005
7936.74223 15.043 0.005
7936.85863 15.025 0.005
7937.54794 15.016 0.005
7937.65861 15.024 0.005
7937.79029 15.042 0.005
7938.57063 15.047 0.005
7944.46871 15.021 0.005
7944.52152 15.049 0.005
7944.56291 15.046 0.005
7944.61334 15.013 0.005
7944.66335 15.052 0.005
7944.72353 15.013 0.005
7944.77278 15.064 0.005
7945.48038 15.012 0.005
7945.58002 15.018 0.005
7945.69115 15.019 0.005
7945.80137 15.022 0.005
7946.51338 15.056 0.005
7946.63481 15.064 0.005
7946.76322 15.064 0.005
7947.51435 15.049 0.005
7947.61792 15.053 0.005
7947.77864 15.021 0.005
7948.50720 15.055 0.005
7948.64070 15.061 0.005
7948.77534 15.028 0.005
7949.56645 15.004 0.005
7949.68982 15.021 0.005
7952.70783 15.056 0.005
7953.47796 15.064 0.005
7953.60999 15.049 0.005
7953.73500 15.032 0.005
7954.48979 15.049 0.005
7954.63356 15.018 0.005
7954.76919 15.033 0.005
7955.79906 15.057 0.005
7956.60430 15.027 0.005
7956.73552 15.022 0.005
7957.66063 15.069 0.005
7958.57544 15.054 0.005
7958.66610 15.064 0.006
7958.78404 15.049 0.006
7959.53237 15.055 0.005
7959.65014 15.053 0.005
7959.76626 15.060 0.005
7960.51962 15.056 0.005
7960.65528 15.065 0.005
7960.78105 15.048 0.005
7961.60090 15.020 0.005
7961.70762 15.025 0.005
7962.52800 15.057 0.005
7963.61905 15.059 0.005
7964.59470 15.041 0.006
7964.73446 15.067 0.005
7965.67794 15.028 0.005
7966.55163 15.023 0.005
7966.64893 15.013 0.005
7967.68492 15.055 0.005
7967.74209 15.023 0.006
7971.51422 15.016 0.006
7971.60303 15.007 0.005
7971.64292 15.024 0.005
7971.69376 15.053 0.005
7971.73402 15.002 0.005
7972.52595 15.030 0.006
7972.56482 15.057 0.006
7972.61920 15.007 0.005
7972.66691 15.053 0.006
7972.72221 15.003 0.005
7973.54133 15.048 0.006
7973.66637 15.063 0.005
7974.53100 15.053 0.005
7974.64683 15.057 0.005
7975.47643 15.012 0.006
7979.52680 15.049 0.005
7979.64617 15.037 0.005
7980.58053 15.031 0.005
7981.47875 15.061 0.006
7981.63253 15.036 0.005
7982.54204 14.997 0.005
7982.65297 15.001 0.005
7983.58067 15.058 0.005
7984.48954 15.049 0.006
7984.60726 15.032 0.005
7985.53728 15.028 0.006
7986.49283 15.020 0.005
7986.63272 15.026 0.005
7987.55994 15.051 0.005
7990.47892 15.018 0.005
7990.61116 15.023 0.005
7991.53068 15.062 0.005
7991.65993 15.064 0.005
7992.57599 15.007 0.005
7993.51288 15.066 0.005
7993.62315 15.070 0.005
7994.55711 15.028 0.005
7998.52286 15.018 0.005
7998.57113 15.054 0.005
7998.61464 15.043 0.005
8000.49556 15.026 0.005
8000.54908 15.049 0.005
8000.59087 15.051 0.005
8001.48094 15.043 0.005
8001.59181 15.041 0.005
8002.56198 15.062 0.006
8003.60648 15.009 0.005
8004.59459 15.022 0.005
8007.55888 15.019 0.006
8008.57685 15.024 0.005
8011.51736 15.032 0.006
8012.54171 15.019 0.005
8013.54511 15.022 0.005
8014.55412 15.045 0.005
8015.55245 15.043 0.005
8016.56098 15.056 0.005
8018.49140 15.003 0.005
8019.52922 15.060 0.005
8020.56318 15.032 0.005
8026.52622 15.013 0.005
8029.51120 15.002 0.005
8030.51879 15.001 0.005
8040.49979 15.067 0.006
8164.85094 15.030 0.005
8164.89113 15.054 0.005
8165.88878 15.063 0.005
8166.87159 15.061 0.005
8167.85579 15.049 0.005
8167.89565 15.049 0.005
8169.85145 15.062 0.005
8170.87340 15.052 0.005
8171.84357 15.069 0.005
8171.88241 15.033 0.005
8172.85386 15.052 0.005
8172.89274 15.009 0.005
8173.86351 15.024 0.005
8174.82447 15.061 0.005
8174.87446 15.015 0.005
8175.82432 15.071 0.005
8175.87320 15.014 0.005
8176.81597 15.062 0.005
8176.86615 15.006 0.005
8181.80692 15.021 0.005
8181.86001 15.047 0.005
8181.90098 15.052 0.005
8183.82312 15.017 0.005
8184.83418 15.049 0.006
8184.88442 15.043 0.005
8185.84181 15.051 0.005
8185.89152 15.033 0.005
8189.83814 15.067 0.005
8190.81098 15.079 0.005
8191.79763 15.059 0.005
8192.78746 15.053 0.005
8192.90698 15.063 0.005
8193.88454 15.042 0.005
8194.84580 15.010 0.005
8195.81892 15.037 0.005
8196.78815 15.064 0.005
8196.90528 15.057 0.005
8197.84917 15.044 0.005
8198.80545 15.016 0.005
8199.74673 15.061 0.005
8199.86696 15.059 0.005
8200.84803 15.068 0.005
8201.78179 15.012 0.005
8201.89782 15.019 0.005
8202.82520 15.049 0.005
8203.76738 15.029 0.005
8203.87466 15.027 0.005
8204.80635 15.056 0.005
8205.74668 15.019 0.005
8205.86532 15.011 0.005
8206.78726 15.042 0.005
8206.90362 15.053 0.005
8207.81344 15.063 0.005
8208.73376 15.005 0.005
8208.84055 15.005 0.005
8209.76129 15.056 0.005
8209.86858 15.042 0.005
8210.77425 15.056 0.005
8210.88152 15.054 0.005
8211.78828 15.045 0.005
8211.89628 15.058 0.005
8212.78357 15.040 0.005
8212.88795 15.058 0.005
8217.84246 15.072 0.005
8220.71604 15.045 0.005
8220.88129 15.025 0.005
8221.71141 15.054 0.005
8221.89841 15.059 0.005
8222.78245 15.061 0.005
8222.92314 15.060 0.005
8223.90065 15.064 0.005
8224.77452 15.050 0.005
8224.91315 15.058 0.005
8226.85533 15.038 0.005
8227.72972 15.033 0.005
8227.87123 15.076 0.005
8228.78410 15.042 0.005
8228.92404 15.007 0.005
8229.81151 15.010 0.005
8229.92546 15.021 0.005
8230.79841 15.033 0.005
8231.81713 15.041 0.005
8233.71326 15.060 0.005
8235.73974 15.030 0.005
8236.74929 15.007 0.005
8238.74494 15.012 0.005
8238.86838 15.048 0.007
8244.71900 15.032 0.005
8244.84112 15.044 0.005
8245.77279 15.041 0.006
8245.88441 15.037 0.005
8246.74087 15.058 0.005
8246.85984 15.061 0.005
8247.66337 14.996 0.005
8247.77280 15.011 0.005
8247.90307 15.020 0.005
8248.78339 15.024 0.005
8249.74045 15.024 0.005
8249.87147 15.023 0.005
8250.68615 15.054 0.005
8250.81532 15.071 0.005
8250.92680 15.069 0.005
8251.71870 15.027 0.005
8251.85529 15.006 0.005
8252.88096 15.035 0.005
8253.66653 15.061 0.005
8253.78391 15.057 0.005
8254.67378 15.059 0.005
8254.82339 15.038 0.005
8254.94319 15.017 0.005
8255.74886 15.030 0.005
8255.89091 15.062 0.005
8256.66972 15.066 0.006
8256.79250 15.057 0.005
8256.91900 15.034 0.005
8257.72903 15.032 0.005
8257.84396 15.041 0.005
8258.70990 15.020 0.005
8258.83513 15.050 0.005
8259.63861 15.059 0.005
8259.80144 15.017 0.005
8259.92436 15.023 0.005
8260.83724 15.075 0.005
8261.71299 15.050 0.005
8261.87296 15.023 0.005
8262.69332 15.035 0.005
8262.83245 15.057 0.005
8262.93286 15.055 0.005
8263.73563 15.064 0.005
8264.74921 15.025 0.005
8264.86777 15.004 0.005
8265.64546 15.024 0.005
8265.76648 15.033 0.005
8266.60971 15.053 0.006
8266.77025 15.021 0.005
8271.63998 15.058 0.005
8271.80846 15.014 0.005
8271.89139 15.050 0.005
8272.75484 15.051 0.005
8272.87124 15.064 0.005
8273.60740 15.034 0.005
8273.74148 15.063 0.005
8274.58803 15.011 0.005
8274.70067 15.013 0.005
8274.83210 15.046 0.005
8275.58190 15.017 0.005
8275.72174 15.060 0.005
8275.84017 15.056 0.005
8276.58919 15.036 0.006
8276.70272 15.044 0.005
8276.82904 15.065 0.005
8277.63587 15.046 0.005
8277.76867 15.019 0.005
8277.88554 15.023 0.005
8278.58294 15.052 0.005
8278.74994 15.018 0.005
8282.60069 15.042 0.005
8282.73710 15.015 0.005
8282.86566 15.018 0.005
8283.56497 15.064 0.005
8283.68250 15.059 0.005
8283.80928 15.054 0.005
8284.53438 15.043 0.005
8284.64405 15.036 0.005
8284.77864 15.062 0.005
8284.89062 15.056 0.005
8285.78688 15.062 0.005
8286.61100 15.017 0.005
8286.74868 15.057 0.005
8286.88709 15.062 0.005
8287.59885 15.020 0.005
8287.73955 15.056 0.005
8287.87916 15.062 0.005
8288.57405 15.011 0.005
8288.71390 15.023 0.005
8288.85230 15.065 0.005
8289.57165 15.015 0.005
8289.71058 15.037 0.005
8289.84410 15.066 0.005
8290.56892 15.016 0.005
8290.70819 15.041 0.005
8290.84070 15.061 0.005
8291.61273 15.062 0.005
8291.75531 15.047 0.005
8291.88564 15.024 0.005
8292.61887 15.062 0.005
8292.76050 15.035 0.005
8292.88780 15.013 0.005
8293.62897 15.043 0.005
8293.77169 15.013 0.005
8294.65147 15.012 0.005
8294.80930 15.050 0.006
8299.56299 15.059 0.006
8301.62056 15.028 0.005
8301.73997 15.035 0.005
8302.59391 15.018 0.005
8304.53833 15.051 0.005
8304.64642 15.048 0.006
8305.52341 15.073 0.006
8305.67134 15.010 0.005
8305.79645 15.016 0.005
8306.65507 15.019 0.005
8306.78473 14.996 0.005
8307.50152 15.059 0.005
8307.62378 15.050 0.005
8307.74653 15.032 0.005
8308.46909 15.037 0.005
8308.57950 15.038 0.005
8308.71029 15.055 0.005
8308.81625 15.068 0.005
8309.55575 15.024 0.005
8309.68872 15.056 0.005
8309.79910 15.058 0.005
8310.52042 15.020 0.005
8310.60630 15.055 0.005
8310.69325 15.061 0.005
8310.80423 15.061 0.005
8311.53260 15.014 0.006
8311.65614 15.027 0.005
8311.77650 15.049 0.005
8312.50219 15.030 0.005
8312.61667 15.023 0.005
8312.76578 15.045 0.005
8313.50313 15.010 0.005
8313.61926 15.014 0.005
8313.73618 15.020 0.005
8314.47025 15.054 0.005
8314.58176 15.040 0.005
8314.71227 15.024 0.005
8316.46745 15.033 0.006
8316.58240 15.021 0.005
8316.71106 15.008 0.005
8320.52013 15.058 0.005
8320.65107 15.045 0.005
8320.76126 15.040 0.005
8321.55319 15.024 0.005
8328.52014 15.021 0.006
8328.63203 15.036 0.005
8328.74293 15.035 0.006
8329.54195 15.045 0.005
8329.65396 15.057 0.005
8329.76160 15.057 0.005
8330.58355 15.031 0.005
8331.55912 15.054 0.005
8331.68156 15.037 0.005
8332.55998 15.030 0.005
8332.68335 15.026 0.005
8333.54078 15.063 0.005
8333.67486 15.037 0.005
8334.58514 15.010 0.005
8335.53942 15.035 0.005
8336.47351 15.033 0.005
8336.61583 15.072 0.005
8338.48923 15.055 0.005
8338.61713 15.047 0.005
8339.50557 15.061 0.005
8339.64539 15.022 0.005
8340.59909 15.055 0.005
8341.49842 15.048 0.006
8341.62054 15.026 0.005
8342.52978 15.022 0.005
8343.51129 15.004 0.005
8344.54083 15.059 0.005
8344.71569 15.009 0.005
8345.57239 15.038 0.005
8346.48037 15.013 0.005
8346.61941 15.015 0.005
8347.52501 15.062 0.005
8347.70802 15.020 0.005
8348.59165 15.018 0.005
8355.56169 15.056 0.005
8356.49688 15.030 0.005
8356.69126 15.061 0.005
8357.67348 15.054 0.005
8358.58655 15.054 0.005
8359.50223 15.011 0.005
8359.66624 15.058 0.005
8360.57862 15.042 0.005
8361.48225 15.014 0.006
8363.58344 15.010 0.005
8364.52968 15.069 0.005
8364.67665 15.019 0.005
8366.66248 15.016 0.005
8367.64421 15.030 0.005
8368.59222 15.061 0.005
8369.51777 15.025 0.005
8370.49112 15.056 0.005
8371.48373 15.053 0.005
8371.65162 15.027 0.005
8372.63448 15.009 0.005
8373.62753 15.008 0.005
8375.60183 15.023 0.005
8376.53266 15.056 0.005
8381.53428 15.022 0.005
8382.55227 15.011 0.005
8383.58881 15.048 0.005
8385.56303 15.068 0.006
8392.48331 15.011 0.006
8394.51340 15.048 0.005
8397.55918 15.022 0.006
8407.49540 15.022 0.006
8517.87992 15.007 0.005
8519.87561 15.027 0.005
8522.89285 15.061 0.006
8523.89520 15.043 0.005
8526.89090 15.018 0.007
8528.87322 15.040 0.005
8528.88468 15.025 0.005
8535.84984 15.002 0.005
8535.88940 15.050 0.005
8536.87833 15.053 0.005
8537.86779 15.048 0.005
8539.83572 15.020 0.005
8539.87770 15.072 0.005
8540.85950 15.053 0.005
8544.81794 15.054 0.005
8544.86088 15.042 0.005
8546.82746 15.075 0.005
8546.87794 15.012 0.005
8547.82503 15.057 0.005
8547.88713 15.025 0.005
8548.83551 15.040 0.005
8548.89100 15.035 0.005
8549.82913 15.039 0.006
8549.88002 15.024 0.005
8550.84234 15.015 0.005
8550.89129 15.053 0.005
8551.85246 15.024 0.005
8551.90115 15.071 0.005
8552.87352 15.061 0.005
8553.79880 15.034 0.005
8553.85133 15.043 0.005
8554.78787 15.045 0.005
8554.82767 15.027 0.005
8554.87764 15.070 0.005
8555.78917 15.030 0.005
8555.83847 15.035 0.005
8555.88620 15.054 0.005
8556.80971 15.008 0.005
8556.85037 15.048 0.005
8556.90016 15.039 0.005
8557.81760 15.036 0.005
8557.86716 15.054 0.005
8557.90935 15.014 0.005
8558.82013 15.038 0.005
8558.85971 15.049 0.005
8558.91108 15.013 0.005
8559.80386 15.016 0.005
8559.85377 15.063 0.005
8559.89415 15.025 0.005
8560.81390 15.059 0.005
8560.85342 15.056 0.005
8560.90258 15.011 0.005
8561.80734 15.051 0.005
8561.85971 15.025 0.005
8561.89936 15.031 0.005
8562.80484 15.060 0.005
8562.84568 15.041 0.005
8562.90232 15.047 0.005
8563.78346 15.041 0.005
8563.84157 15.024 0.005
8563.88158 15.030 0.005
8564.77983 15.044 0.005
8564.83099 15.024 0.005
8564.88086 15.040 0.005
8565.77307 15.044 0.005
8565.83816 15.014 0.005
8565.88253 15.065 0.005
8566.78988 15.058 0.005
8566.83810 15.025 0.005
8566.88914 15.054 0.005
8567.85201 15.031 0.005
8567.89890 15.056 0.005
8573.87466 15.038 0.005
8573.92498 15.033 0.005
8574.81284 15.038 0.005
8574.87450 15.019 0.005
8574.91804 15.041 0.005
8575.76869 15.010 0.005
8575.80798 15.045 0.005
8575.85612 15.027 0.005
8575.89562 15.018 0.005
8576.78387 15.017 0.005
8576.82119 15.052 0.005
8576.86928 15.015 0.005
8576.91133 15.043 0.005
8577.77333 15.010 0.005
8577.83177 15.056 0.005
8577.90441 15.032 0.005
8578.72928 15.027 0.005
8578.77627 15.035 0.005
8578.81572 15.063 0.005
8578.88317 15.031 0.005
8578.92565 15.050 0.005
8579.75416 15.019 0.005
8579.79207 15.045 0.005
8579.83900 15.020 0.005
8579.89282 15.043 0.005
8580.72642 15.019 0.005
8580.76524 15.027 0.005
8580.82214 15.029 0.005
8580.85778 15.005 0.005
8580.92551 15.055 0.005
8581.75678 15.041 0.005
8581.87064 15.052 0.005
8582.73181 15.028 0.005
8582.82295 15.002 0.005
8583.69942 15.008 0.005
8583.77295 15.056 0.005
8583.90077 15.039 0.005
8584.73799 15.053 0.005
8584.85115 15.040 0.005
8585.72683 15.047 0.005
8585.81534 15.003 0.005
8586.69009 15.021 0.005
8586.75188 15.046 0.005
8586.88021 15.030 0.005
8587.70731 15.011 0.005
8587.79279 15.011 0.005
8588.68974 15.011 0.005
8588.74846 15.071 0.006
8588.88434 15.035 0.005
8589.71903 15.057 0.005
8589.80868 15.042 0.005
8590.69253 15.045 0.005
8590.74674 15.049 0.005
8591.71645 15.053 0.005
8591.80872 15.073 0.005
8592.73114 15.029 0.005
8592.85455 14.997 0.005
8593.72332 15.031 0.005
8593.86131 15.024 0.005
8594.69387 15.051 0.005
8594.76423 15.028 0.005
8594.88047 15.036 0.005
8595.71246 15.027 0.006
8599.69143 15.006 0.006
8599.74516 15.051 0.005
8599.80270 15.005 0.005
8599.88436 15.064 0.005
8599.93475 15.004 0.005
8600.70233 14.997 0.005
8600.85970 15.073 0.005
8601.68296 15.023 0.005
8601.78489 15.038 0.005
8602.68007 15.038 0.005
8602.76914 15.040 0.005
8602.93504 15.047 0.005
8603.71755 15.064 0.005
8603.87682 15.026 0.005
8604.75249 15.034 0.005
8604.87070 15.017 0.005
8605.69484 15.044 0.005
8605.81159 15.050 0.005
8606.67248 15.041 0.005
8606.76148 15.015 0.005
8606.90996 15.056 0.005
8607.84132 15.042 0.005
8608.65558 15.015 0.005
8608.80081 15.076 0.005
8609.66470 15.054 0.005
8612.77074 15.070 0.005
8612.91713 15.039 0.005
8613.81589 15.018 0.005
8614.63869 15.057 0.005
8614.71145 15.024 0.005
8614.86968 15.064 0.005
8615.66857 15.047 0.005
8615.81343 15.026 0.005
8616.63936 15.076 0.005
8616.72885 15.059 0.005
8616.87718 15.065 0.005
8617.66647 15.028 0.005
8617.78633 15.028 0.005
8618.62865 15.073 0.005
8618.72281 15.075 0.005
8618.87461 15.009 0.005
8619.65643 15.012 0.005
8619.76177 15.027 0.005
8620.62924 15.048 0.006
8620.71206 15.078 0.006
8620.88409 15.021 0.005
8621.70372 15.067 0.005
8621.86732 15.002 0.005
8626.62078 15.006 0.005
8626.67019 15.062 0.005
8626.72050 15.018 0.005
8626.77817 15.064 0.005
8626.83579 15.016 0.005
8626.88595 15.051 0.005
8626.93567 15.012 0.005
8627.66292 15.063 0.005
8627.72533 15.012 0.005
8635.65608 15.014 0.005
8635.75424 15.024 0.005
8635.88971 15.010 0.005
8636.59506 15.074 0.005
8636.71094 15.073 0.005
8636.84684 15.035 0.005
8637.57941 15.061 0.005
8637.66093 15.022 0.005
8637.80901 15.069 0.005
8638.63050 15.009 0.005
8638.71280 15.045 0.005
8638.90511 15.062 0.005
8639.74668 15.012 0.005
8640.57857 15.048 0.005
8640.66512 15.041 0.005
8640.81899 15.034 0.005
8641.58881 15.029 0.005
8641.71682 15.006 0.005
8642.65032 15.045 0.005
8642.86902 15.056 0.005
8643.56870 15.046 0.005
8643.67561 15.059 0.005
8643.80111 15.032 0.005
8643.90198 15.036 0.005
8644.58584 15.018 0.005
8644.71303 15.017 0.005
8644.82837 15.019 0.005
8646.58323 15.011 0.005
8646.63846 15.067 0.005
8646.75047 15.054 0.005
8646.85308 15.053 0.005
8647.61883 15.061 0.005
8647.70973 15.031 0.005
8647.83021 15.040 0.005
8648.62308 15.059 0.005
8648.71696 15.056 0.006
8648.83608 15.064 0.005
8649.59171 15.056 0.005
8649.67352 15.011 0.006
8655.52918 15.023 0.005
8655.70262 15.049 0.005
8656.61433 15.018 0.005
8656.67655 15.063 0.005
8656.81577 15.036 0.005
8657.54556 15.065 0.005
8657.63853 15.043 0.005
8657.75732 15.047 0.005
8657.86780 15.052 0.005
8660.50374 15.048 0.005
8660.70723 15.024 0.005
8661.54737 15.042 0.005
8662.59322 15.036 0.006
8664.56955 15.019 0.005
8664.81771 15.059 0.005
8666.54454 14.998 0.005
8666.81838 15.063 0.005
8667.66896 15.033 0.005
8668.49302 15.045 0.005
8668.76578 15.021 0.005
8669.55193 15.056 0.005
8669.81304 15.052 0.005
8670.62164 15.033 0.005
8671.67600 15.053 0.005
8673.74501 15.046 0.005
8674.73867 15.047 0.005
8675.62831 15.048 0.005
8676.49449 15.048 0.005
8676.74345 15.061 0.005
8676.81968 15.022 0.005
8681.50287 15.047 0.005
8681.65968 15.025 0.005
8682.52873 15.016 0.005
8683.52365 15.021 0.006
8683.78355 15.065 0.005
8684.52755 15.022 0.005
8684.74089 15.017 0.005
8685.57088 15.059 0.005
8688.61280 15.033 0.005
8689.54066 15.061 0.005
8689.78557 15.021 0.005
8690.52746 15.055 0.005
8691.49475 15.059 0.005
8691.75703 15.048 0.005
8692.49735 15.054 0.005
8692.69664 15.031 0.005
8693.49652 15.062 0.005
8694.53426 15.017 0.005
8694.74225 15.058 0.005
8695.53081 15.036 0.006
8698.52250 15.009 0.005
8698.75709 15.019 0.005
8699.50197 15.025 0.005
8700.50008 15.019 0.005
8701.65378 15.065 0.005
8702.49763 15.009 0.005
8702.66014 15.055 0.005
8704.72229 15.017 0.005
8711.68279 15.044 0.006
8712.63356 15.016 0.005
8713.62506 15.015 0.005
8717.63673 15.048 0.005
8718.65290 15.064 0.005
8719.61986 15.045 0.005
8721.69412 15.013 0.005
8723.65197 15.028 0.005
8724.65204 15.028 0.005
8725.60237 15.072 0.005
8726.64375 15.014 0.005
8727.62566 15.021 0.005
8728.64694 15.028 0.005
8729.64416 15.028 0.005
8730.63112 15.022 0.005
8731.61570 15.009 0.005
8736.65142 15.046 0.006
8737.63071 15.047 0.006
8738.59965 15.042 0.005
8739.51506 15.040 0.005
8740.55763 15.006 0.005
8741.61157 15.048 0.005
8742.61049 15.046 0.005
8746.60227 14.991 0.005
8748.59729 15.028 0.005
8754.59325 15.066 0.005
8759.59146 15.038 0.005
8783.52698 15.042 0.005
