5288.86467  15.072   0.009
5293.82944  15.087   0.009
5294.81492  15.084   0.007
5296.85738  15.085   0.007
5298.92816  15.083   0.009
5301.84345  15.074   0.007
5306.77822  15.083   0.009
5308.79520  15.088   0.007
5314.90351  15.107   0.009
5316.78762  15.079   0.009
5320.74979  15.078   0.009
5323.80419  15.090   0.009
5326.77925  15.082   0.007
5327.92032  15.098   0.009
5334.76980  15.082   0.007
5336.81180  15.084   0.009
5338.90682  15.093   0.009
5340.85418  15.079   0.009
5342.61372  15.061   0.009
5343.64455  15.068   0.009
5348.78489  15.077   0.009
5350.71116  15.066   0.009
5353.69350  15.077   0.007
5355.86592  15.076   0.009
5361.65811  15.078   0.009
5365.69999  15.079   0.009
5378.61267  15.064   0.007
5380.64555  15.065   0.007
5382.79588  15.070   0.010
5385.53344  15.065   0.007
5385.63290  15.068   0.007
5385.73525  15.068   0.007
5388.71866  15.065   0.007
5391.81360  15.073   0.009
5397.68142  15.067   0.009
5405.63517  15.071   0.009
5409.47504  15.066   0.009
5413.51129  15.063   0.007
5422.55336  15.078   0.009
5433.68107  15.064   0.009
5439.57304  15.060   0.009
5447.50709  15.063   0.007
5457.56428  15.074   0.007
5460.57277  15.072   0.009
5465.51868  15.082   0.009
5472.59298  15.098   0.009
5490.52586  15.116   0.010
5602.85534  15.081   0.007
5604.86323  15.079   0.007
5605.85939  15.082   0.007
5606.85942  15.088   0.007
5607.86253  15.075   0.007
5608.85353  15.079   0.009
5611.84913  15.079   0.009
5613.89320  15.081   0.010
5615.84993  15.082   0.007
5616.84405  15.083   0.009
5621.83505  15.073   0.007
5622.82303  15.072   0.007
5624.77941  15.075   0.007
5626.83826  15.074   0.009
5628.77941  15.078   0.009
5629.77486  15.077   0.009
5631.83974  15.086   0.009
5632.86888  15.078   0.007
5633.76804  15.080   0.007
5635.80093  15.082   0.009
5637.77970  15.080   0.009
5638.90941  15.085   0.007
5639.76577  15.077   0.009
5642.77764  15.079   0.007
5647.76423  15.070   0.007
5649.80015  15.068   0.007
5654.80555  15.074   0.007
5658.86353  15.080   0.007
5662.91655  15.086   0.007
5668.82001  15.079   0.007
5675.80353  15.081   0.007
5679.90118  15.084   0.007
5682.92774  15.094   0.007
5686.81896  15.083   0.007
5692.66980  15.081   0.007
5694.84352  15.082   0.007
5697.70296  15.071   0.007
5702.59209  15.080   0.009
5702.77092  15.086   0.010
5706.87832  15.076   0.009
5710.85230  15.073   0.007
5715.86630  15.085   0.009
5722.83738  15.082   0.007
5726.53338  15.076   0.009
5735.68399  15.082   0.007
5737.79594  15.076   0.007
5740.65308  15.070   0.007
5742.68363  15.080   0.007
5745.73050  15.072   0.007
5749.51905  15.081   0.009
5760.57807  15.072   0.007
5765.54428  15.077   0.007
5777.67539  15.069   0.007
5784.49153  15.066   0.009
5784.62270  15.073   0.007
5786.48299  15.066   0.009
5790.59378  15.081   0.009
5794.69431  15.070   0.007
5803.52872  15.071   0.009
5815.51048  15.082   0.007
5819.54579  15.082   0.007
5824.56155  15.090   0.007
5829.53885  15.098   0.007
5833.59544  15.108   0.009
5841.53274  15.130   0.009
5845.57438  15.118   0.009
5854.53130  15.112   0.009
5972.88525  15.073   0.007
5984.89529  15.078   0.007
5990.82992  15.078   0.007
5995.77155  15.071   0.007
5999.82413  15.078   0.007
6002.77424  15.059   0.009
6002.89557  15.079   0.007
6003.86088  15.082   0.009
6007.80078  15.085   0.007
6010.83663  15.091   0.007
6013.91522  15.090   0.007
6016.91780  15.070   0.007
6019.90191  15.078   0.007
6022.79452  15.079   0.007
6025.72063  15.090   0.009
6032.92224  15.082   0.007
6037.74632  15.088   0.007
6040.90095  15.074   0.007
6048.76926  15.079   0.007
6051.67046  15.085   0.007
6057.70022  15.064   0.007
6057.85952  15.067   0.007
6058.65516  15.077   0.007
6061.84369  15.092   0.007
6064.83522  15.076   0.007
6067.60040  15.080   0.007
6069.69500  15.072   0.007
6071.67267  15.074   0.007
6076.70676  15.081   0.007
6078.84596  15.080   0.007
6080.80642  15.078   0.007
6086.60244  15.073   0.007
6089.66022  15.069   0.007
6093.83530  15.072   0.007
6096.88939  15.080   0.009
6100.52017  15.075   0.007
6101.84117  15.068   0.007
6103.74124  15.073   0.007
6105.69963  15.075   0.007
6113.71467  15.064   0.010
6115.68963  15.068   0.007
6117.69815  15.061   0.007
6119.63628  15.075   0.007
6121.64875  15.064   0.007
6124.71442  15.065   0.007
6126.77628  15.061   0.007
6132.61553  15.057   0.007
6135.67856  15.075   0.007
6140.67757  15.067   0.007
6147.62427  15.065   0.007
6151.61243  15.058   0.007
6158.55647  15.070   0.007
6161.63985  15.072   0.007
6169.54863  15.067   0.007
6175.66049  15.093   0.007
6182.64606  15.091   0.007
6191.50477  15.108   0.009
6198.59691  15.094   0.009
6210.52317  15.105   0.007
6217.51695  15.075   0.007
6347.87497  15.076   0.007
6354.89548  15.080   0.007
6363.80388  15.076   0.007
6370.89361  15.082   0.007
6375.82406  15.087   0.007
6375.84238  15.077   0.007
6378.90026  15.092   0.007
6382.78599  15.074   0.009
6388.79049  15.069   0.007
6391.71978  15.064   0.007
6395.84073  15.070   0.007
6398.83543  15.061   0.007
6401.88015  15.060   0.007
6404.84912  15.060   0.007
6408.82850  15.065   0.007
6417.74551  15.066   0.007
6419.85731  15.066   0.007
6423.65172  15.059   0.007
6426.84539  15.060   0.007
6431.90043  15.062   0.007
6434.67451  15.058   0.007
6436.72205  15.061   0.007
6442.61615  15.062   0.007
6445.69082  15.067   0.007
6447.67928  15.064   0.007
6449.61499  15.071   0.007
6451.54538  15.049   0.007
6454.54274  15.062   0.007
6456.72521  15.069   0.007
6458.85854  15.071   0.007
6461.61540  15.064   0.007
6463.76036  15.059   0.007
6468.80541  15.064   0.007
6473.75498  15.062   0.007
6475.70687  15.058   0.007
6477.68661  15.064   0.007
6480.71005  15.064   0.007
6485.50337  15.052   0.007
6487.60667  15.059   0.007
6490.71440  15.065   0.007
6496.53226  15.061   0.007
6498.72682  15.056   0.007
6505.51705  15.058   0.007
6508.66455  15.057   0.007
6511.64372  15.058   0.007
6518.54647  15.068   0.007
6524.57431  15.076   0.007
6531.68272  15.076   0.007
6538.60197  15.100   0.007
6545.65205  15.105   0.007
6560.50843  15.108   0.007
6567.55802  15.075   0.007
6573.55086  15.071   0.007
6741.87520  15.059   0.007
6742.84914  15.056   0.007
6750.76018  15.071   0.007
6752.81874  15.072   0.007
6755.88410  15.071   0.007
6757.86406  15.071   0.007
6759.88906  15.074   0.007
6761.82044  15.079   0.007
6763.80476  15.073   0.007
6768.93230  15.070   0.007
6770.77458  15.070   0.007
6772.67877  15.076   0.007
6773.83696  15.069   0.007
6775.77692  15.085   0.007
6776.89594  15.084   0.007
6777.73263  15.081   0.007
6784.89439  15.090   0.007
6785.88643  15.087   0.007
6786.91170  15.086   0.007
6789.80217  15.072   0.007
6790.88533  15.073   0.007
6791.94127  15.081   0.009
6796.65357  15.072   0.007
6797.75486  15.067   0.007
6799.90729  15.073   0.009
6804.60546  15.065   0.007
6805.65642  15.067   0.009
6807.61588  15.065   0.009
6808.66393  15.063   0.007
6809.70825  15.076   0.007
6810.76355  15.074   0.007
6811.78235  15.075   0.007
6813.89037  15.068   0.007
6815.61481  15.063   0.009
6816.70072  15.067   0.007
6817.78339  15.069   0.007
6819.64575  15.065   0.009
6823.85880  15.067   0.009
6824.90210  15.065   0.009
6826.53241  15.063   0.009
6827.57787  15.062   0.007
6828.62561  15.059   0.007
6829.62201  15.059   0.009
6830.65463  15.066   0.007
6831.79192  15.063   0.007
6832.82555  15.065   0.007
6834.50068  15.070   0.009
6835.55219  15.069   0.009
6836.59239  15.069   0.009
6837.59849  15.075   0.007
6838.59837  15.065   0.007
6839.60988  15.072   0.007
6840.67546  15.068   0.009
6841.77991  15.073   0.009
6842.82611  15.064   0.009
6844.84703  15.070   0.009
6847.78039  15.079   0.007
6851.78917  15.067   0.009
6855.51908  15.058   0.009
6856.54824  15.062   0.007
6857.59162  15.065   0.007
6858.67320  15.071   0.007
6862.63172  15.059   0.010
6863.70933  15.069   0.007
6872.53382  15.061   0.009
6878.57070  15.070   0.009
6880.69302  15.068   0.009
6882.62848  15.072   0.007
6885.57623  15.075   0.007
6886.71502  15.083   0.007
6888.64197  15.093   0.007
6890.57969  15.089   0.009
6895.53250  15.110   0.007
6912.63019  15.120   0.009
6918.54931  15.105   0.009
6922.62647  15.076   0.009
6926.48642  15.075   0.009
6929.50980  15.072   0.009
6932.55361  15.076   0.009
6936.49336  15.068   0.007
6942.51283  15.059   0.009
7069.87628  15.070   0.007
7074.88664  15.070   0.007
7075.86271  15.060   0.007
7078.86521  15.083   0.007
7082.86705  15.072   0.007
7086.89543  15.073   0.007
7090.82554  15.062   0.007
7097.89470  15.067   0.007
7100.87989  15.070   0.007
7110.80722  15.070   0.007
7112.91819  15.066   0.007
7115.73226  15.075   0.007
7117.71417  15.077   0.007
7119.77642  15.078   0.007
7126.87745  15.078   0.007
7130.77798  15.066   0.007
7132.68558  15.074   0.009
7134.75753  15.064   0.007
7135.91579  15.078   0.007
7137.76039  15.078   0.007
7138.88771  15.078   0.007
7140.74357  15.069   0.007
7141.87687  15.060   0.007
7143.69872  15.070   0.007
7144.82729  15.073   0.009
7146.71794  15.080   0.007
7147.73765  15.079   0.009
7152.89580  15.077   0.007
7154.65407  15.072   0.007
7155.72946  15.078   0.007
7157.61898  15.067   0.007
7158.75690  15.066   0.007
7159.82499  15.067   0.007
7160.89555  15.077   0.007
7162.61936  15.078   0.007
7163.67336  15.077   0.009
7164.81664  15.070   0.007
7166.60329  15.071   0.009
7166.78686  15.072   0.007
7168.70497  15.076   0.007
7169.69279  15.078   0.007
7169.88758  15.078   0.007
7170.67980  15.074   0.007
7170.86932  15.076   0.007
7172.68208  15.075   0.007
7172.87292  15.074   0.007
7173.65890  15.076   0.007
7173.85460  15.076   0.007
7174.62352  15.080   0.007
7174.79571  15.074   0.007
7175.57956  15.077   0.007
7175.75532  15.078   0.007
7178.67754  15.067   0.007
7178.84898  15.070   0.007
7179.62205  15.059   0.009
7179.78662  15.070   0.007
7180.57443  15.062   0.007
7180.73563  15.068   0.007
7180.90958  15.069   0.007
7181.69591  15.075   0.007
7181.86608  15.070   0.007
7182.63029  15.074   0.007
7182.82259  15.075   0.007
7183.58368  15.072   0.007
7183.76821  15.078   0.007
7184.57401  15.085   0.009
7184.75934  15.078   0.007
7184.92323  15.087   0.009
7185.72238  15.071   0.007
7185.88925  15.077   0.009
7186.84550  15.070   0.007
7187.62648  15.072   0.007
7187.80962  15.074   0.007
7188.59666  15.070   0.007
7188.78370  15.069   0.009
7189.64184  15.068   0.007
7189.82260  15.066   0.007
7190.61216  15.064   0.007
7190.81061  15.067   0.007
7191.63881  15.065   0.007
7192.84720  15.056   0.007
7192.87245  15.052   0.007
7193.66917  15.059   0.007
7193.85368  15.055   0.007
7194.61668  15.057   0.007
7194.80865  15.067   0.007
7197.64863  15.070   0.007
7197.83542  15.061   0.007
7198.62827  15.063   0.007
7198.81411  15.065   0.009
7199.58850  15.063   0.007
7199.77122  15.070   0.007
7200.52665  15.059   0.007
7200.70639  15.067   0.007
7202.64437  15.048   0.009
7202.86611  15.056   0.009
7206.67782  15.055   0.009
7206.83799  15.057   0.009
7207.64671  15.059   0.007
7207.83585  15.064   0.009
7209.74243  15.063   0.007
7211.52053  15.069   0.009
7211.70284  15.070   0.007
7212.57527  15.060   0.007
7214.65104  15.058   0.007
7217.59901  15.061   0.007
7219.51173  15.066   0.007
7219.71971  15.073   0.007
7220.61146  15.071   0.007
7220.79138  15.071   0.007
7221.58910  15.072   0.007
7221.77150  15.078   0.007
7222.56277  15.077   0.007
7222.77752  15.069   0.007
7223.61756  15.064   0.007
7224.46873  15.065   0.007
7224.66259  15.059   0.009
7225.50079  15.063   0.007
7226.51657  15.070   0.007
7226.70146  15.063   0.007
7227.48515  15.075   0.009
7227.66002  15.066   0.007
7228.48663  15.069   0.007
7228.67070  15.067   0.007
7229.51492  15.069   0.007
7229.67959  15.073   0.007
7233.49283  15.072   0.009
7233.53467  15.076   0.010
7235.69998  15.086   0.007
7249.55783  15.111   0.009
7249.70255  15.109   0.009
7252.53641  15.118   0.007
7253.49134  15.119   0.007
7253.68348  15.113   0.007
7255.65107  15.113   0.007
7256.65418  15.118   0.009
7261.50937  15.115   0.009
7261.67037  15.117   0.009
7263.63594  15.124   0.007
7264.58237  15.114   0.007
7265.54566  15.118   0.007
7267.48020  15.117   0.009
7268.48138  15.115   0.007
7268.67680  15.114   0.007
7269.66517  15.107   0.007
7270.60894  15.111   0.007
7271.56480  15.104   0.007
7273.53563  15.096   0.009
7275.54016  15.078   0.009
7277.51491  15.077   0.007
7278.49847  15.068   0.009
7281.51010  15.069   0.009
7284.54963  15.056   0.007
7292.52764  15.057   0.009
7299.56817  15.053   0.007
7318.53199  15.060   0.009
7436.82907  15.069   0.007
7437.82749  15.073   0.007
7438.89126  15.059   0.007
7440.82396  15.057   0.007
7441.86815  15.073   0.007
7442.89237  15.063   0.007
7445.86701  15.069   0.007
7446.87797  15.081   0.007
7447.88568  15.080   0.007
7448.89955  15.081   0.007
7451.82925  15.075   0.007
7452.86124  15.072   0.007
7453.86759  15.069   0.007
7455.81853  15.069   0.007
7456.82467  15.074   0.007
7457.82022  15.066   0.007
7458.81545  15.074   0.007
7460.81603  15.063   0.007
7461.81523  15.068   0.007
7462.80220  15.063   0.007
7463.82912  15.071   0.007
7465.77112  15.068   0.007
7465.89961  15.069   0.007
7467.83380  15.076   0.007
7470.79069  15.079   0.007
7470.91776  15.073   0.009
7471.87456  15.068   0.007
7472.81283  15.063   0.007
7473.78116  15.068   0.007
7474.81366  15.076   0.007
7474.91872  15.076   0.007
7475.84940  15.078   0.009
7484.80529  15.076   0.007
7485.91171  15.065   0.007
7486.72209  15.066   0.009
7487.82399  15.071   0.007
7492.71536  15.063   0.007
7493.70879  15.066   0.007
7493.92848  15.061   0.007
7494.91694  15.068   0.007
7495.89560  15.073   0.007
7498.79051  15.077   0.007
7499.78197  15.062   0.007
7500.72332  15.063   0.007
7500.92490  15.066   0.007
7508.76861  15.080   0.007
7509.86502  15.070   0.007
7512.80023  15.064   0.007
7522.87119  15.056   0.010
7526.77668  15.072   0.007
7529.80287  15.057   0.009
7534.78386  15.075   0.007
7536.78302  15.074   0.007
7545.92490  15.065   0.007
7547.55895  15.056   0.007
7547.89957  15.056   0.009
7549.81365  15.060   0.007
7550.79225  15.079   0.007
7554.89524  15.069   0.007
7555.51788  15.063   0.009
7555.84131  15.050   0.007
7557.82757  15.063   0.007
7561.62651  15.062   0.007
7562.61089  15.064   0.007
7566.81354  15.051   0.007
7567.49053  15.053   0.009
7567.75748  15.055   0.007
7568.49189  15.050   0.009
7568.75633  15.052   0.007
7569.49078  15.054   0.009
7569.77381  15.056   0.007
7570.72554  15.056   0.007
7573.64313  15.065   0.007
7575.57487  15.062   0.007
7575.74280  15.065   0.007
7576.50818  15.055   0.007
7576.70148  15.054   0.007
7576.84159  15.060   0.009
7579.69885  15.064   0.007
7581.82191  15.053   0.007
7584.52939  15.055   0.007
7584.67219  15.061   0.007
7589.47503  15.061   0.009
7589.63049  15.069   0.007
7589.78560  15.061   0.009
7590.57592  15.074   0.007
7590.72358  15.089   0.009
7593.50058  15.078   0.007
7593.66639  15.082   0.007
7595.56393  15.086   0.009
7596.59310  15.086   0.007
7599.50187  15.097   0.009
7599.56934  15.103   0.009
7599.67865  15.101   0.007
7599.69113  15.093   0.007
7600.51084  15.098   0.009
7600.55136  15.092   0.007
7600.60456  15.098   0.007
7600.73416  15.096   0.007
7601.73195  15.097   0.007
7601.74435  15.095   0.007
7602.57152  15.092   0.007
7602.73253  15.088   0.009
7603.54708  15.103   0.007
7603.69546  15.098   0.007
7604.52391  15.104   0.007
7604.66528  15.097   0.007
7605.50271  15.105   0.007
7605.66900  15.104   0.007
7606.67753  15.113   0.009
7607.58675  15.107   0.007
7607.74558  15.102   0.009
7608.66707  15.114   0.007
7609.52215  15.119   0.009
7609.71279  15.126   0.007
7610.55766  15.115   0.007
7611.51170  15.118   0.007
7612.51200  15.121   0.007
7612.65305  15.111   0.007
7616.51633  15.121   0.007
7616.69590  15.117   0.007
7617.63538  15.110   0.007
7618.52328  15.113   0.009
7618.68533  15.116   0.009
7621.52442  15.114   0.007
7621.70352  15.109   0.010
7622.65542  15.102   0.007
7623.55288  15.107   0.007
7624.49332  15.093   0.007
7624.68443  15.092   0.007
7625.65675  15.099   0.007
7626.64984  15.096   0.007
7630.62415  15.083   0.007
7631.60142  15.082   0.007
7632.58664  15.080   0.007
7633.62880  15.076   0.007
7635.54532  15.072   0.009
7636.59675  15.070   0.009
7637.58659  15.064   0.007
7638.61301  15.053   0.007
7643.51019  15.052   0.009
7644.56878  15.054   0.009
7647.55126  15.047   0.007
7648.58985  15.047   0.007
7649.61497  15.054   0.007
7650.50065  15.051   0.007
7650.52067  15.053   0.007
7651.51596  15.052   0.007
7651.55999  15.048   0.007
7652.50315  15.048   0.007
7652.58004  15.022   0.007
7653.50259  15.043   0.007
7654.48803  15.043   0.007
7654.50721  15.041   0.007
7655.50392  15.055   0.007
7656.50572  15.047   0.007
7656.53004  15.049   0.007
7657.55618  15.048   0.007
7658.48669  15.053   0.009
7658.51228  15.048   0.007
7659.51431  15.049   0.007
7660.50433  15.040   0.007
7660.55517  15.047   0.007
7661.50591  15.045   0.007
7662.50598  15.051   0.007
7662.52667  15.051   0.007
7664.50470  15.051   0.007
7664.57182  15.049   0.007
7665.50862  15.038   0.007
7666.50690  15.053   0.007
7666.55330  15.054   0.007
7667.51199  15.055   0.007
7671.49311  15.045   0.007
7672.49452  15.050   0.007
7673.50106  15.052   0.007
7675.49980  15.056   0.009
7682.49695  15.083   0.007
7683.49617  15.075   0.009
7791.88014  15.061   0.007
7792.88296  15.069   0.009
7794.88141  15.070   0.009
7795.88544  15.064   0.009
7798.85536  15.077   0.007
7800.85975  15.069   0.007
7802.83965  15.069   0.009
7807.85423  15.067   0.007
7810.83119  15.073   0.007
7812.89626  15.082   0.007
7816.82400  15.070   0.007
7818.86706  15.074   0.007
7820.90120  15.067   0.007
7823.80578  15.066   0.007
7825.83788  15.063   0.007
7827.81525  15.069   0.007
7829.80609  15.068   0.009
7834.80558  15.071   0.007
7834.91560  15.064   0.007
7835.88230  15.066   0.007
7836.83497  15.071   0.007
7837.77155  15.077   0.007
7837.87992  15.076   0.007
7838.82698  15.082   0.007
7839.76266  15.072   0.007
7839.88784  15.079   0.007
7840.81517  15.076   0.007
7841.75838  15.064   0.009
7841.86910  15.070   0.009
7842.78469  15.067   0.007
7842.89398  15.064   0.007
7843.82563  15.066   0.007
7844.73582  15.072   0.007
7844.85274  15.063   0.009
7845.76004  15.074   0.007
7845.87767  15.076   0.007
7846.80794  15.080   0.007
7846.91705  15.079   0.007
7847.81863  15.072   0.007
7848.72492  15.074   0.007
7848.83182  15.076   0.007
7849.73749  15.067   0.007
7849.85478  15.084   0.007
7850.74965  15.070   0.007
7850.86845  15.075   0.007
7851.76739  15.072   0.009
7851.88752  15.063   0.007
7852.87370  15.062   0.009
7853.92631  15.067   0.009
7854.80736  15.068   0.007
7854.92038  15.080   0.007
7855.82874  15.058   0.007
7856.72687  15.060   0.009
7856.83940  15.057   0.009
7857.86676  15.061   0.009
7862.68851  15.068   0.007
7862.79848  15.071   0.007
7862.92264  15.071   0.007
7863.89258  15.067   0.007
7864.85085  15.069   0.007
7865.70731  15.071   0.007
7866.70303  15.071   0.007
7867.70632  15.071   0.007
7867.83461  15.082   0.007
7868.76242  15.060   0.009
7868.90251  15.059   0.009
7869.76207  15.060   0.007
7869.89390  15.068   0.007
7870.77365  15.073   0.007
7870.90469  15.068   0.007
7871.78834  15.071   0.007
7871.93131  15.073   0.007
7872.79830  15.071   0.007
7872.93658  15.072   0.009
7873.76731  15.075   0.007
7873.90287  15.074   0.007
7874.73606  15.066   0.009
7874.85882  15.066   0.007
7875.81502  15.072   0.007
7875.92671  15.072   0.007
7876.74042  15.062   0.007
7876.87743  15.054   0.009
7877.70101  15.059   0.007
7877.83319  15.065   0.007
7878.73894  15.068   0.007
7878.87417  15.059   0.007
7879.69846  15.059   0.009
7879.85104  15.062   0.009
7880.72729  15.062   0.007
7880.84912  15.063   0.009
7881.80525  15.066   0.007
7881.92602  15.066   0.009
7882.80302  15.061   0.009
7882.93267  15.069   0.007
7890.69771  15.078   0.009
7890.85560  15.077   0.007
7893.67639  15.051   0.009
7893.80512  15.050   0.007
7893.91481  15.057   0.009
7894.66017  15.048   0.007
7894.78792  15.068   0.007
7894.89732  15.058   0.007
7895.76167  15.064   0.007
7897.70136  15.062   0.009
7900.91582  15.053   0.009
7901.63696  15.064   0.007
7901.79233  15.068   0.007
7902.62772  15.062   0.009
7902.75043  15.061   0.007
7902.92576  15.064   0.009
7903.79653  15.065   0.009
7903.91404  15.061   0.009
7904.65585  15.061   0.007
7904.78432  15.062   0.010
7904.89371  15.062   0.009
7905.62271  15.058   0.007
7905.74996  15.068   0.007
7905.86260  15.058   0.007
7906.57118  15.053   0.007
7906.68939  15.062   0.007
7906.81163  15.064   0.007
7906.92055  15.060   0.007
7907.68754  15.057   0.007
7907.81880  15.063   0.007
7908.63450  15.061   0.009
7908.76389  15.065   0.009
7908.87376  15.058   0.007
7909.56548  15.060   0.009
7909.68556  15.064   0.007
7909.79659  15.073   0.007
7909.90245  15.061   0.007
7910.58275  15.062   0.009
7910.70075  15.066   0.007
7910.82291  15.073   0.007
7911.55266  15.059   0.009
7911.65808  15.065   0.007
7911.82759  15.061   0.009
7916.61086  15.078   0.007
7916.70519  15.068   0.007
7916.80923  15.067   0.007
7916.90448  15.064   0.011
7917.64230  15.070   0.007
7917.75748  15.069   0.007
7917.86430  15.065   0.009
7918.61917  15.070   0.009
7922.61890  15.057   0.007
7922.74897  15.054   0.009
7923.61836  15.056   0.007
7923.75547  15.051   0.009
7923.87493  15.051   0.009
7924.54115  15.052   0.007
7924.64661  15.060   0.007
7924.77550  15.060   0.007
7924.87753  15.056   0.007
7925.67285  15.061   0.007
7925.81005  15.050   0.009
7926.57936  15.056   0.009
7926.72751  15.052   0.009
7928.57699  15.053   0.007
7932.60823  15.059   0.007
7932.73287  15.059   0.007
7933.51742  15.061   0.009
7933.59884  15.057   0.009
7933.72065  15.059   0.009
7934.53447  15.063   0.007
7934.65061  15.064   0.007
7934.76482  15.060   0.007
7935.50390  15.065   0.007
7935.63253  15.070   0.007
7935.74483  15.064   0.007
7935.86396  15.062   0.007
7936.49020  15.068   0.007
7936.60673  15.069   0.007
7936.74223  15.069   0.007
7937.54794  15.070   0.009
7937.65861  15.068   0.007
7937.79029  15.065   0.007
7938.57063  15.065   0.009
7944.46871  15.076   0.009
7944.52152  15.079   0.009
7944.56291  15.071   0.007
7944.61334  15.068   0.007
7944.66335  15.078   0.010
7944.72353  15.073   0.009
7944.77278  15.072   0.007
7945.48038  15.081   0.009
7945.58002  15.076   0.007
7945.69115  15.086   0.007
7945.80137  15.081   0.007
7946.51338  15.089   0.007
7946.63481  15.084   0.007
7946.76322  15.077   0.009
7947.51435  15.075   0.009
7947.77864  15.082   0.007
7948.50720  15.086   0.007
7948.64070  15.083   0.007
7948.77534  15.084   0.007
7949.56645  15.075   0.009
7949.68982  15.085   0.009
7952.70783  15.090   0.009
7953.47796  15.090   0.009
7953.60999  15.098   0.007
7953.73500  15.100   0.007
7954.48979  15.103   0.007
7954.63356  15.104   0.007
7954.76919  15.097   0.007
7955.79906  15.085   0.009
7956.60430  15.104   0.007
7956.73552  15.106   0.007
7957.66063  15.091   0.009
7958.57544  15.100   0.009
7958.66610  15.097   0.009
7958.78404  15.100   0.009
7959.53237  15.106   0.007
7959.65014  15.100   0.007
7959.76626  15.101   0.009
7960.51962  15.099   0.007
7960.65528  15.100   0.007
7960.78105  15.103   0.009
7961.60090  15.109   0.007
7961.70762  15.108   0.007
7962.52800  15.104   0.007
7963.61905  15.111   0.007
7964.59470  15.118   0.007
7964.73446  15.129   0.009
7965.67794  15.118   0.007
7966.55163  15.106   0.009
7966.64893  15.121   0.009
7967.68492  15.120   0.009
7967.74209  15.110   0.010
7971.51422  15.110   0.009
7971.60303  15.113   0.009
7971.64292  15.102   0.007
7971.69376  15.109   0.009
7971.73402  15.106   0.009
7972.52595  15.104   0.010
7972.56482  15.098   0.009
7972.61920  15.102   0.009
7972.66691  15.109   0.009
7972.72221  15.108   0.009
7973.54133  15.112   0.009
7973.66637  15.115   0.009
7974.53100  15.113   0.007
7974.64683  15.113   0.007
7975.47643  15.110   0.009
7979.52680  15.102   0.007
7979.64617  15.105   0.007
7980.58053  15.092   0.009
7981.47875  15.085   0.009
7981.63253  15.093   0.007
7982.54204  15.087   0.007
7982.65297  15.087   0.007
7983.58067  15.088   0.007
7984.48954  15.089   0.009
7984.60726  15.085   0.007
7985.53728  15.066   0.011
7986.49283  15.085   0.007
7986.63272  15.089   0.007
7987.55994  15.079   0.007
7990.47892  15.068   0.009
7990.61116  15.069   0.009
7991.53068  15.065   0.009
7991.65993  15.068   0.009
7992.57599  15.077   0.007
7993.51288  15.080   0.009
7993.62315  15.079   0.007
7994.55711  15.079   0.009
7998.52286  15.060   0.007
7998.57113  15.060   0.009
7998.61464  15.061   0.009
8000.54908  15.064   0.009
8000.59087  15.051   0.009
8001.48094  15.064   0.009
8001.59181  15.062   0.009
8002.56198  15.052   0.010
8003.60648  15.054   0.009
8004.59459  15.051   0.009
8007.55888  15.052   0.009
8008.57685  15.063   0.009
8011.51736  15.048   0.009
8012.54171  15.052   0.007
8013.54511  15.051   0.007
8014.55412  15.053   0.007
8015.55245  15.041   0.009
8016.56098  15.052   0.009
8018.49140  15.064   0.007
8019.52922  15.075   0.007
8020.56318  15.060   0.007
8026.52622  15.054   0.007
8030.51879  15.064   0.007
8040.49979  15.057   0.009
8164.85094  15.071   0.007
8164.89113  15.068   0.007
8165.88878  15.073   0.007
8166.87159  15.064   0.007
8167.85579  15.064   0.007
8167.89565  15.071   0.007
8168.87675  15.068   0.007
8169.85145  15.074   0.007
8170.83413  15.076   0.007
8170.87340  15.083   0.007
8171.84357  15.077   0.007
8171.88241  15.078   0.007
8172.85386  15.069   0.007
8172.89274  15.067   0.007
8173.86351  15.073   0.007
8174.82447  15.062   0.007
8174.87446  15.066   0.007
8175.82432  15.069   0.007
8175.87320  15.077   0.007
8176.81597  15.070   0.007
8176.86615  15.073   0.007
8181.80692  15.054   0.007
8181.86001  15.084   0.007
8181.90098  15.069   0.007
8183.82312  15.069   0.007
8184.83418  15.075   0.007
8184.88442  15.071   0.007
8185.84181  15.067   0.009
8185.89152  15.079   0.007
8189.83814  15.076   0.007
8190.81098  15.071   0.007
8191.79763  15.067   0.009
8192.78746  15.064   0.007
8192.90698  15.069   0.007
8193.88454  15.062   0.007
8194.84580  15.061   0.007
8195.81892  15.060   0.007
8196.78815  15.068   0.007
8196.90528  15.058   0.007
8197.84917  15.063   0.007
8198.80545  15.079   0.007
8199.74673  15.063   0.007
8199.86696  15.075   0.007
8200.84803  15.071   0.007
8201.78179  15.059   0.007
8201.89782  15.066   0.007
8202.82520  15.079   0.007
8203.76738  15.074   0.007
8203.87466  15.074   0.007
8204.80635  15.067   0.007
8205.74668  15.064   0.007
8205.86532  15.068   0.007
8206.78726  15.069   0.007
8206.90362  15.071   0.007
8207.81344  15.076   0.007
8208.73376  15.069   0.007
8208.84055  15.082   0.007
8209.76129  15.077   0.007
8209.86858  15.082   0.007
8211.78828  15.061   0.009
8211.89628  15.071   0.007
8212.78357  15.068   0.009
8212.88795  15.074   0.007
8217.84246  15.072   0.007
8220.71604  15.064   0.007
8220.88129  15.073   0.007
8221.71141  15.067   0.007
8221.89841  15.067   0.007
8222.78245  15.074   0.007
8222.92314  15.071   0.007
8223.90065  15.075   0.007
8224.77452  15.073   0.007
8224.91315  15.068   0.007
8226.85533  15.069   0.009
8227.72972  15.064   0.007
8227.87123  15.071   0.007
8228.78410  15.066   0.007
8228.92404  15.069   0.007
8229.81151  15.070   0.007
8229.92546  15.069   0.007
8230.79841  15.071   0.007
8231.81713  15.071   0.007
8233.71326  15.076   0.007
8235.73974  15.067   0.007
8236.74929  15.071   0.007
8238.74494  15.076   0.007
8238.86838  15.078   0.007
8244.71900  15.087   0.007
8244.84112  15.085   0.007
8245.77279  15.073   0.009
8245.88441  15.076   0.009
8246.74087  15.075   0.007
8246.85984  15.079   0.007
8247.66337  15.060   0.007
8247.77280  15.076   0.007
8247.90307  15.071   0.009
8248.78339  15.068   0.009
8249.74045  15.074   0.007
8249.87147  15.083   0.007
8250.68615  15.078   0.007
8250.81532  15.079   0.007
8250.92680  15.081   0.007
8251.71870  15.076   0.007
8251.85529  15.074   0.007
8252.88096  15.056   0.010
8253.66653  15.079   0.007
8253.78391  15.083   0.007
8254.67378  15.084   0.007
8254.82339  15.089   0.007
8254.94319  15.069   0.007
8255.74886  15.077   0.007
8255.89091  15.065   0.007
8256.66972  15.075   0.007
8256.79250  15.069   0.007
8256.91900  15.076   0.007
8257.72903  15.076   0.007
8257.84396  15.072   0.007
8258.70990  15.071   0.007
8258.83513  15.074   0.007
8259.63861  15.072   0.007
8259.80144  15.070   0.007
8259.92436  15.067   0.007
8260.83724  15.072   0.007
8261.71299  15.069   0.007
8261.87296  15.068   0.007
8262.69332  15.059   0.007
8262.83245  15.068   0.007
8262.93286  15.063   0.007
8263.73563  15.066   0.007
8263.86994  15.073   0.007
8264.74921  15.062   0.007
8264.86777  15.060   0.007
8265.64546  15.060   0.007
8265.76648  15.062   0.007
8266.60971  15.059   0.009
8266.77025  15.069   0.009
8271.63998  15.058   0.009
8271.80846  15.056   0.009
8271.89139  15.056   0.009
8272.75484  15.060   0.007
8272.87124  15.056   0.007
8273.60740  15.059   0.007
8273.74148  15.066   0.007
8274.58803  15.056   0.007
8274.70067  15.055   0.009
8274.83210  15.058   0.007
8275.58190  15.060   0.007
8275.72174  15.064   0.007
8275.84017  15.060   0.007
8276.58919  15.064   0.009
8276.70272  15.066   0.007
8276.82904  15.062   0.007
8277.63587  15.062   0.007
8277.76867  15.064   0.007
8277.88554  15.059   0.007
8278.58294  15.059   0.007
8278.74994  15.049   0.007
8282.60069  15.057   0.007
8282.73710  15.063   0.007
8282.86566  15.061   0.007
8283.56497  15.058   0.007
8283.68250  15.060   0.007
8284.53438  15.062   0.007
8284.64405  15.065   0.007
8284.77864  15.068   0.007
8284.89062  15.059   0.007
8285.78688  15.065   0.007
8286.61100  15.062   0.007
8286.74868  15.072   0.007
8286.88709  15.069   0.007
8287.59885  15.069   0.007
8287.73955  15.065   0.007
8287.87916  15.066   0.007
8288.57405  15.063   0.007
8288.71390  15.064   0.007
8288.85230  15.061   0.007
8289.57165  15.069   0.007
8289.71058  15.062   0.007
8289.84410  15.066   0.007
8290.56892  15.055   0.007
8290.70819  15.063   0.007
8290.84070  15.064   0.007
8291.61273  15.056   0.007
8291.75531  15.069   0.007
8291.88564  15.061   0.007
8292.61887  15.056   0.007
8292.76050  15.064   0.007
8292.88780  15.064   0.009
8293.62897  15.057   0.009
8293.77169  15.056   0.009
8294.65147  15.061   0.009
8294.80930  15.054   0.009
8299.56299  15.059   0.009
8301.62056  15.064   0.009
8301.73997  15.075   0.009
8302.59391  15.078   0.007
8304.53833  15.083   0.009
8304.64642  15.075   0.009
8305.52341  15.055   0.009
8305.67134  15.083   0.009
8305.79645  15.085   0.009
8306.65507  15.085   0.009
8306.78473  15.082   0.009
8307.50152  15.082   0.007
8307.62378  15.088   0.007
8307.74653  15.096   0.007
8308.46909  15.086   0.009
8308.57950  15.087   0.007
8308.71029  15.092   0.007
8308.81625  15.086   0.009
8309.55575  15.089   0.007
8309.68872  15.098   0.007
8309.79910  15.097   0.007
8310.52042  15.096   0.007
8310.60630  15.103   0.007
8310.69325  15.098   0.007
8310.80423  15.093   0.007
8311.53260  15.093   0.009
8311.65614  15.104   0.007
8311.77650  15.105   0.007
8312.50219  15.102   0.007
8312.61667  15.102   0.007
8312.76578  15.107   0.007
8313.50313  15.096   0.007
8313.61926  15.119   0.007
8313.73618  15.113   0.007
8314.47025  15.100   0.007
8314.58176  15.100   0.007
8314.71227  15.102   0.007
8316.46745  15.095   0.009
8316.58240  15.099   0.007
8316.71106  15.095   0.007
8320.52013  15.118   0.007
8320.65107  15.112   0.007
8320.76126  15.120   0.007
8321.55319  15.114   0.009
8328.52014  15.104   0.009
8328.63203  15.101   0.009
8328.74293  15.102   0.009
8329.54195  15.096   0.007
8329.65396  15.119   0.009
8329.76160  15.102   0.007
8330.58355  15.096   0.007
8331.55912  15.099   0.007
8331.68156  15.093   0.007
8332.55998  15.094   0.007
8332.68335  15.094   0.009
8333.54078  15.095   0.007
8333.67486  15.097   0.007
8334.58514  15.096   0.007
8335.53942  15.092   0.007
8336.47351  15.086   0.009
8336.61583  15.094   0.007
8338.48923  15.091   0.009
8338.61713  15.092   0.007
8339.50557  15.088   0.007
8339.64539  15.088   0.007
8340.59909  15.088   0.007
8341.49842  15.076   0.007
8341.62054  15.081   0.007
8342.52978  15.068   0.007
8343.51129  15.071   0.007
8344.54083  15.068   0.007
8344.71569  15.069   0.007
8345.57239  15.073   0.007
8346.48037  15.073   0.007
8346.61941  15.069   0.007
8347.52501  15.070   0.007
8347.70802  15.065   0.007
8348.59165  15.065   0.007
8355.56169  15.049   0.007
8356.49688  15.058   0.007
8356.69126  15.058   0.007
8357.67348  15.061   0.007
8358.58655  15.067   0.007
8359.50223  15.061   0.007
8359.66624  15.066   0.009
8360.57862  15.051   0.007
8361.48225  15.057   0.009
8363.58344  15.055   0.007
8364.52968  15.059   0.007
8364.67665  15.066   0.007
8366.66248  15.061   0.007
8367.64421  15.059   0.007
8368.59222  15.065   0.007
8369.51777  15.061   0.007
8370.49112  15.054   0.007
8371.48373  15.060   0.007
8371.65162  15.051   0.007
8372.63448  15.061   0.007
8373.62753  15.057   0.009
8375.60183  15.050   0.007
8376.53266  15.047   0.009
8381.53428  15.065   0.007
8382.55227  15.067   0.007
8383.58881  15.049   0.007
8385.56303  15.067   0.007
8392.48331  15.044   0.009
8394.51340  15.044   0.007
8397.55918  15.059   0.007
8407.49540  15.059   0.010
8519.87561  15.069   0.007
8522.89285  15.059   0.009
8526.89090  15.071   0.009
8528.87322  15.067   0.007
8528.88468  15.068   0.007
8535.84984  15.056   0.009
8535.88940  15.062   0.009
8536.87833  15.064   0.007
8537.86779  15.062   0.007
8539.83572  15.063   0.009
8539.87770  15.063   0.007
8540.85950  15.062   0.007
8544.81794  15.064   0.007
8544.86088  15.070   0.007
8546.82746  15.061   0.007
8546.87794  15.062   0.007
8547.82503  15.064   0.007
8547.88713  15.067   0.007
8548.83551  15.072   0.007
8548.89100  15.072   0.007
8549.82913  15.068   0.007
8549.88002  15.074   0.007
8550.84234  15.075   0.007
8550.89129  15.073   0.007
8551.85246  15.066   0.007
8551.90115  15.070   0.009
8552.87352  15.074   0.009
8553.79880  15.068   0.009
8553.85133  15.070   0.007
8554.78787  15.064   0.009
8554.82767  15.068   0.007
8554.87764  15.066   0.007
8555.78917  15.070   0.007
8555.83847  15.069   0.007
8555.88620  15.065   0.007
8556.80971  15.056   0.007
8556.85037  15.069   0.007
8556.90016  15.056   0.007
8557.81760  15.056   0.007
8557.86716  15.061   0.007
8557.90935  15.066   0.007
8558.82013  15.058   0.007
8558.85971  15.063   0.007
8558.91108  15.056   0.007
8559.80386  15.069   0.007
8559.85377  15.066   0.007
8559.89415  15.067   0.007
8560.81390  15.078   0.007
8560.85342  15.074   0.007
8560.90258  15.072   0.007
8561.80734  15.061   0.007
8561.85971  15.074   0.007
8561.89936  15.072   0.007
8562.80484  15.076   0.009
8562.84568  15.065   0.007
8562.90232  15.070   0.007
8563.78346  15.075   0.007
8563.84157  15.072   0.007
8563.88158  15.075   0.007
8564.77983  15.068   0.007
8564.83099  15.061   0.007
8564.88086  15.063   0.007
8565.77307  15.070   0.007
8565.83816  15.069   0.007
8565.88253  15.072   0.007
8566.78988  15.072   0.007
8566.83810  15.066   0.007
8566.88914  15.067   0.007
8567.85201  15.058   0.007
8567.89890  15.061   0.009
8573.87466  15.056   0.009
8573.92498  15.067   0.009
8574.81284  15.055   0.009
8574.87450  15.058   0.007
8574.91804  15.061   0.007
8575.76869  15.064   0.007
8575.80798  15.062   0.007
8575.85612  15.063   0.007
8575.89562  15.064   0.007
8576.78387  15.050   0.007
8576.82119  15.064   0.007
8576.86928  15.064   0.007
8576.91133  15.058   0.007
8577.77333  15.056   0.007
8577.83177  15.065   0.007
8577.90441  15.069   0.007
8578.72928  15.069   0.007
8578.77627  15.068   0.007
8578.81572  15.058   0.007
8578.88317  15.069   0.007
8578.92565  15.067   0.007
8579.75416  15.069   0.007
8579.79207  15.068   0.007
8579.83900  15.071   0.007
8579.89282  15.075   0.007
8580.72642  15.071   0.007
8580.76524  15.063   0.007
8580.82214  15.072   0.007
8580.85778  15.070   0.007
8580.92551  15.057   0.009
8581.75678  15.073   0.007
8581.87064  15.073   0.007
8582.73181  15.070   0.007
8582.82295  15.070   0.007
8583.69942  15.059   0.007
8583.77295  15.073   0.007
8583.90077  15.066   0.007
8584.73799  15.070   0.007
8584.85115  15.076   0.007
8585.72683  15.068   0.007
8585.81534  15.067   0.007
8586.69009  15.076   0.009
8586.75188  15.080   0.007
8586.88021  15.078   0.007
8587.70731  15.089   0.009
8587.79279  15.086   0.007
8588.68974  15.094   0.007
8588.74846  15.091   0.007
8588.88434  15.086   0.007
8589.71903  15.083   0.007
8589.80868  15.078   0.007
8590.69253  15.073   0.007
8590.74674  15.073   0.007
8590.87355  15.088   0.007
8591.71645  15.064   0.007
8591.80872  15.074   0.007
8592.73114  15.061   0.009
8592.85455  15.056   0.007
8593.72332  15.060   0.009
8593.86131  15.064   0.007
8594.69387  15.064   0.007
8594.76423  15.067   0.007
8594.88047  15.057   0.007
8595.71246  15.063   0.010
8599.69143  15.056   0.009
8599.74516  15.060   0.009
8599.80270  15.062   0.007
8599.88436  15.069   0.007
8599.93475  15.060   0.007
8600.70233  15.063   0.007
8600.85970  15.066   0.007
8601.68296  15.067   0.007
8601.78489  15.066   0.007
8602.68007  15.066   0.007
8602.76914  15.079   0.007
8602.93504  15.073   0.007
8603.71755  15.055   0.007
8603.87682  15.078   0.009
8604.75249  15.047   0.007
8604.87070  15.065   0.007
8605.69484  15.057   0.007
8605.81159  15.048   0.007
8606.67248  15.057   0.007
8606.76148  15.059   0.007
8606.90996  15.093   0.007
8607.69885  15.058   0.007
8607.84132  15.065   0.007
8608.65558  15.066   0.007
8608.80081  15.067   0.007
8609.66470  15.065   0.007
8612.77074  15.061   0.007
8612.91713  15.056   0.007
8613.67620  15.062   0.007
8613.81589  15.063   0.007
8614.63869  15.046   0.007
8614.71145  15.062   0.007
8614.86968  15.058   0.007
8615.66857  15.059   0.007
8615.81343  15.058   0.007
8616.63936  15.062   0.007
8616.72885  15.065   0.007
8616.87718  15.065   0.007
8617.66647  15.054   0.007
8617.78633  15.053   0.007
8618.62865  15.049   0.007
8618.72281  15.059   0.007
8618.87461  15.059   0.007
8619.65643  15.052   0.009
8619.76177  15.056   0.007
8620.62924  15.061   0.009
8620.71206  15.047   0.009
8620.88409  15.058   0.007
8621.70372  15.044   0.009
8621.86732  15.053   0.007
8626.62078  15.049   0.009
8626.67019  15.046   0.009
8626.72050  15.040   0.007
8626.77817  15.043   0.007
8626.83579  15.050   0.007
8626.88595  15.048   0.007
8626.93567  15.056   0.009
8627.66292  15.049   0.007
8627.72533  15.051   0.007
8635.65608  15.048   0.007
8635.75424  15.047   0.007
8635.88971  15.048   0.009
8636.59506  15.047   0.007
8636.71094  15.059   0.007
8636.84684  15.059   0.007
8637.57941  15.060   0.007
8637.66093  15.061   0.007
8637.80901  15.064   0.007
8638.63050  15.058   0.007
8638.71280  15.065   0.007
8638.90511  15.052   0.007
8639.74668  15.061   0.007
8640.57857  15.060   0.007
8640.66512  15.052   0.007
8640.81899  15.054   0.007
8641.58881  15.066   0.007
8641.71682  15.057   0.007
8642.65032  15.061   0.007
8642.86902  15.052   0.007
8643.56870  15.066   0.007
8643.67561  15.067   0.007
8643.80111  15.061   0.007
8643.90198  15.068   0.007
8644.58584  15.060   0.007
8644.71303  15.059   0.007
8644.82837  15.059   0.007
8646.58323  15.061   0.009
8646.63846  15.063   0.007
8646.75047  15.064   0.007
8646.85308  15.069   0.009
8647.61883  15.068   0.007
8647.70973  15.066   0.007
8647.83021  15.063   0.007
8648.62308  15.063   0.007
8648.71696  15.069   0.009
8648.83608  15.073   0.007
8649.59171  15.069   0.009
8649.67352  15.070   0.009
8655.52918  15.080   0.007
8655.70262  15.081   0.007
8656.61433  15.077   0.007
8656.67655  15.083   0.007
8656.81577  15.083   0.007
8657.54556  15.084   0.007
8657.63853  15.091   0.007
8657.75732  15.088   0.007
8657.86780  15.073   0.007
8660.50374  15.075   0.009
8660.70723  15.080   0.007
8661.54737  15.082   0.007
8662.59322  15.079   0.009
8664.56955  15.091   0.007
8664.81771  15.096   0.007
8666.54454  15.093   0.007
8666.81838  15.093   0.009
8667.66896  15.097   0.007
8668.49302  15.105   0.009
8668.76578  15.099   0.007
8669.55193  15.106   0.007
8669.81304  15.108   0.007
8670.62164  15.119   0.007
8671.67600  15.112   0.009
8673.74501  15.115   0.007
8674.73867  15.121   0.007
8675.62831  15.116   0.007
8676.49449  15.117   0.007
8676.74345  15.122   0.007
8676.81968  15.120   0.009
8681.50287  15.106   0.009
8681.65968  15.115   0.007
8682.52873  15.106   0.007
8683.52365  15.106   0.007
8683.78355  15.111   0.009
8684.52755  15.107   0.007
8684.74089  15.113   0.007
8685.57088  15.108   0.007
8688.61280  15.090   0.009
8689.54066  15.087   0.007
8689.78557  15.099   0.009
8690.52746  15.079   0.009
8691.49475  15.105   0.007
8691.75703  15.093   0.009
8692.49735  15.087   0.007
8692.69664  15.095   0.007
8693.49652  15.087   0.009
8694.53426  15.104   0.007
8694.74225  15.100   0.007
8695.53081  15.086   0.007
8698.52250  15.075   0.007
8698.75709  15.071   0.007
8699.50197  15.074   0.007
8700.50008  15.068   0.007
8701.65378  15.072   0.007
8702.49763  15.071   0.007
8702.66014  15.072   0.007
8704.72229  15.060   0.009
8711.68279  15.052   0.009
8712.63356  15.047   0.009
8713.62506  15.052   0.009
8715.51526  15.062   0.007
8717.63673  15.049   0.007
8718.65290  15.058   0.007
8719.61986  15.048   0.007
8721.69412  15.068   0.009
8723.65197  15.072   0.007
8724.65204  15.063   0.007
8725.60237  15.061   0.007
8726.64375  15.057   0.007
8727.62566  15.053   0.007
8728.64694  15.055   0.007
8729.64416  15.057   0.007
8730.63112  15.054   0.007
8731.61570  15.059   0.009
8736.65142  15.056   0.009
8737.63071  15.062   0.009
8738.59965  15.057   0.009
8739.51506  15.060   0.007
8740.55763  15.048   0.009
8741.61157  15.055   0.007
8742.61049  15.059   0.007
8746.60227  15.060   0.007
8748.59729  15.068   0.009
8754.59325  15.067   0.007
8759.59146  15.056   0.009
8783.52698  15.078   0.007
