5288.86467 15.727 0.006
5293.82944 15.570 0.006
5294.81492 15.670 0.005
5296.85738 15.746 0.005
5298.92816 15.643 0.006
5301.84345 15.528 0.005
5306.77822 15.582 0.005
5308.79520 15.563 0.005
5312.92902 15.667 0.006
5314.90351 15.574 0.006
5316.78762 15.603 0.007
5320.74979 15.610 0.006
5321.89098 15.784 0.006
5323.80419 15.751 0.006
5324.93331 15.528 0.006
5326.77925 15.624 0.005
5327.92032 15.552 0.006
5334.76980 15.532 0.005
5336.81180 15.550 0.006
5338.90682 15.753 0.007
5340.85418 15.609 0.007
5342.61372 15.678 0.007
5343.64455 15.554 0.006
5348.78489 15.558 0.006
5350.71116 15.560 0.006
5353.69350 15.567 0.005
5355.86592 15.632 0.007
5361.65811 15.742 0.007
5365.69999 15.608 0.006
5378.61267 15.542 0.005
5380.64555 15.567 0.005
5382.79588 15.572 0.007
5385.53344 15.721 0.005
5385.63290 15.749 0.005
5385.73525 15.800 0.006
5388.71866 15.805 0.006
5391.81360 15.748 0.006
5397.68142 15.647 0.006
5405.63517 15.717 0.007
5409.47504 15.806 0.006
5413.51129 15.679 0.005
5422.55336 15.586 0.006
5433.68107 15.570 0.006
5439.57304 15.520 0.006
5447.50709 15.628 0.005
5457.56428 15.671 0.006
5465.51868 15.717 0.007
5472.59298 15.623 0.006
5490.52586 15.795 0.007
5602.85534 15.576 0.005
5604.86323 15.617 0.006
5605.85939 15.579 0.005
5606.85942 15.808 0.006
5607.86253 15.573 0.005
5608.85353 15.586 0.006
5611.84913 15.583 0.006
5612.85839 15.833 0.006
5613.89320 15.614 0.007
5615.84993 15.829 0.006
5616.84405 15.579 0.006
5621.83505 15.838 0.006
5622.82303 15.648 0.005
5624.77941 15.535 0.005
5626.83826 15.666 0.006
5628.77941 15.771 0.007
5629.77486 15.687 0.006
5631.83974 15.530 0.006
5632.86888 15.670 0.006
5633.76804 15.551 0.005
5635.80093 15.572 0.006
5637.77970 15.734 0.007
5638.90941 15.585 0.005
5639.76577 15.588 0.006
5642.77764 15.702 0.006
5647.76423 15.564 0.005
5649.80015 15.533 0.005
5654.80555 15.636 0.005
5658.86353 15.665 0.005
5662.91655 15.737 0.005
5668.82001 15.543 0.005
5675.80353 15.611 0.005
5679.90118 15.777 0.005
5682.92774 15.585 0.005
5686.81896 15.604 0.005
5692.66980 15.588 0.005
5694.84352 15.647 0.005
5697.70296 15.521 0.005
5702.59209 15.648 0.007
5702.77092 15.708 0.008
5706.87832 15.584 0.006
5710.85230 15.567 0.005
5715.86630 15.565 0.005
5722.83738 15.566 0.005
5726.53338 15.718 0.007
5735.68399 15.611 0.006
5737.79594 15.576 0.005
5740.65308 15.693 0.006
5742.68363 15.757 0.005
5745.73050 15.584 0.005
5749.51905 15.814 0.006
5760.57807 15.521 0.005
5765.54428 15.783 0.006
5768.79727 15.623 0.006
5777.67539 15.557 0.005
5784.49153 15.703 0.007
5784.62270 15.616 0.006
5786.48299 15.616 0.006
5790.59378 15.733 0.006
5794.69431 15.569 0.005
5803.52872 15.693 0.006
5815.51048 15.652 0.005
5819.54579 15.741 0.006
5824.56155 15.710 0.005
5829.53885 15.599 0.005
5833.59544 15.637 0.006
5841.53274 15.575 0.006
5845.57438 15.628 0.007
5854.53130 15.782 0.007
5972.88525 15.727 0.006
5984.89529 15.622 0.005
5990.82992 15.618 0.005
5995.77155 15.734 0.006
5999.82413 15.676 0.006
6002.77424 15.562 0.006
6002.89557 15.550 0.005
6003.86088 15.553 0.006
6007.80078 15.538 0.005
6010.83663 15.704 0.005
6013.91522 15.555 0.005
6016.91780 15.610 0.005
6019.90191 15.566 0.005
6022.79452 15.572 0.005
6025.72063 15.778 0.007
6032.92224 15.582 0.005
6037.74632 15.507 0.005
6040.90095 15.770 0.005
6048.76926 15.548 0.004
6051.67046 15.600 0.005
6057.70022 15.792 0.006
6057.85952 15.537 0.005
6058.65516 15.756 0.006
6061.84369 15.676 0.005
6064.83522 15.661 0.005
6067.60040 15.590 0.005
6069.69500 15.646 0.004
6071.67267 15.636 0.005
6076.70676 15.710 0.005
6078.84596 15.714 0.005
6080.80642 15.700 0.005
6086.60244 15.582 0.005
6089.66022 15.770 0.005
6093.83530 15.820 0.006
6096.88939 15.540 0.006
6100.52017 15.539 0.005
6101.84117 15.709 0.006
6103.74124 15.574 0.005
6105.69963 15.757 0.005
6113.71467 15.790 0.006
6115.68963 15.550 0.005
6117.69815 15.657 0.005
6119.63628 15.575 0.005
6121.64875 15.758 0.005
6124.71442 15.647 0.005
6126.77628 15.797 0.006
6132.61553 15.589 0.005
6135.67856 15.563 0.005
6140.67757 15.791 0.006
6147.62427 15.745 0.006
6151.61243 15.601 0.005
6158.55647 15.595 0.005
6161.63985 15.775 0.006
6169.54863 15.803 0.006
6175.66049 15.640 0.006
6182.64606 15.550 0.005
6191.50477 15.528 0.006
6198.59691 15.619 0.007
6210.52317 15.596 0.005
6217.51695 15.569 0.005
6347.87497 15.649 0.005
6354.89548 15.541 0.005
6363.80388 15.593 0.005
6370.89361 15.764 0.005
6375.82406 15.722 0.005
6375.84238 15.601 0.004
6378.90026 15.753 0.005
6382.78599 15.674 0.007
6388.79049 15.570 0.005
6391.71978 15.652 0.006
6395.84073 15.599 0.004
6398.83543 15.602 0.005
6401.88015 15.640 0.005
6408.82850 15.660 0.006
6417.74551 15.710 0.005
6423.65172 15.562 0.005
6426.84539 15.636 0.004
6434.67451 15.530 0.005
6436.72205 15.549 0.005
6442.61615 15.625 0.005
6445.69082 15.526 0.005
6447.67928 15.744 0.005
6449.61499 15.665 0.005
6451.54538 15.643 0.006
6454.54274 15.611 0.005
6456.72521 15.597 0.004
6458.85854 15.556 0.005
6461.61540 15.545 0.005
6463.76036 15.532 0.005
6473.75498 15.744 0.005
6475.70687 15.663 0.005
6477.68661 15.604 0.005
6480.71005 15.813 0.005
6485.50337 15.659 0.005
6487.60667 15.541 0.004
6490.71440 15.540 0.004
6496.53226 15.786 0.006
6498.72682 15.554 0.005
6505.51705 15.806 0.006
6508.66455 15.543 0.004
6511.64372 15.633 0.004
6518.54647 15.681 0.005
6524.57431 15.705 0.005
6531.68272 15.573 0.005
6560.50843 15.655 0.005
6573.55086 15.680 0.005
6741.87520 15.608 0.004
6742.84914 15.532 0.004
6745.89635 15.772 0.005
6750.76018 15.534 0.004
6752.81874 15.563 0.004
6755.88410 15.573 0.004
6757.86406 15.688 0.005
6759.88906 15.639 0.004
6761.82044 15.685 0.005
6763.80476 15.538 0.004
6768.93230 15.556 0.005
6770.77458 15.539 0.004
6772.67877 15.566 0.004
6773.83696 15.641 0.005
6775.77692 15.549 0.004
6776.89594 15.671 0.004
6777.73263 15.553 0.004
6789.80217 15.528 0.005
6790.88533 15.567 0.005
6791.94127 15.537 0.006
6796.65357 15.533 0.005
6797.75486 15.705 0.005
6799.90729 15.746 0.007
6804.60546 15.752 0.005
6805.65642 15.635 0.006
6807.61588 15.724 0.006
6808.66393 15.723 0.006
6809.70825 15.572 0.005
6810.76355 15.531 0.005
6811.78235 15.800 0.006
6813.89037 15.643 0.006
6815.61481 15.765 0.007
6816.70072 15.812 0.006
6817.78339 15.701 0.006
6819.64575 15.548 0.006
6823.85880 15.749 0.007
6824.90210 15.626 0.007
6826.53241 15.806 0.006
6827.57787 15.648 0.005
6828.62561 15.527 0.004
6829.62201 15.711 0.006
6830.65463 15.529 0.004
6831.79192 15.659 0.005
6832.82555 15.687 0.006
6834.50068 15.536 0.006
6835.55219 15.585 0.006
6836.59239 15.785 0.006
6837.59849 15.518 0.005
6838.59837 15.681 0.006
6839.60988 15.609 0.005
6840.67546 15.634 0.006
6841.77991 15.538 0.006
6842.82611 15.571 0.006
6844.84703 15.590 0.006
6845.83543 15.529 0.005
6847.78039 15.593 0.006
6851.78917 15.683 0.007
6855.51908 15.736 0.006
6856.54824 15.581 0.005
6857.59162 15.539 0.005
6858.67320 15.539 0.005
6862.63172 15.537 0.005
6863.70933 15.572 0.005
6872.53382 15.677 0.006
6878.57070 15.571 0.007
6880.69302 15.537 0.007
6882.62848 15.544 0.005
6885.57623 15.707 0.005
6886.71502 15.651 0.006
6888.64197 15.668 0.005
6890.57969 15.754 0.006
6895.53250 15.611 0.005
6912.63019 15.686 0.006
6918.54931 15.528 0.006
6922.62647 15.562 0.006
6926.48642 15.605 0.006
6929.50980 15.768 0.006
6932.55361 15.521 0.007
6936.49336 15.600 0.006
6942.51283 15.549 0.006
7069.87628 15.574 0.005
7074.88664 15.521 0.005
7075.86271 15.552 0.005
7078.86521 15.611 0.005
7082.86705 15.707 0.005
7086.89543 15.664 0.005
7090.82554 15.541 0.005
7097.89470 15.583 0.004
7100.87989 15.540 0.005
7110.80722 15.544 0.005
7112.91819 15.679 0.005
7115.73226 15.543 0.005
7117.71417 15.755 0.006
7119.77642 15.611 0.005
7126.87745 15.595 0.005
7130.77798 15.666 0.005
7132.68558 15.759 0.007
7134.75753 15.543 0.005
7135.91579 15.619 0.005
7137.76039 15.535 0.004
7138.88771 15.765 0.005
7140.74357 15.561 0.005
7141.87687 15.757 0.005
7143.69872 15.783 0.006
7144.82729 15.526 0.006
7146.71794 15.634 0.006
7147.73765 15.648 0.006
7152.89580 15.790 0.006
7154.65407 15.535 0.004
7155.72946 15.531 0.005
7157.61898 15.661 0.005
7158.75690 15.686 0.005
7159.82499 15.681 0.005
7160.89555 15.695 0.005
7162.61936 15.777 0.006
7163.67336 15.675 0.006
7164.81664 15.513 0.005
7166.60329 15.648 0.006
7166.78686 15.764 0.006
7168.70497 15.710 0.006
7169.69279 15.723 0.005
7169.88758 15.747 0.005
7170.67980 15.588 0.005
7170.86932 15.737 0.005
7172.68208 15.752 0.006
7172.87292 15.699 0.006
7173.65890 15.670 0.006
7173.85460 15.787 0.006
7174.62352 15.646 0.006
7174.79571 15.682 0.006
7175.57956 15.688 0.006
7175.75532 15.641 0.005
7178.67754 15.714 0.005
7178.84898 15.618 0.005
7179.62205 15.777 0.006
7179.78662 15.516 0.005
7180.57443 15.717 0.006
7180.73563 15.562 0.005
7180.90958 15.781 0.006
7181.69591 15.558 0.005
7181.86608 15.750 0.006
7182.63029 15.753 0.005
7182.82259 15.715 0.005
7183.58368 15.771 0.005
7183.76821 15.613 0.005
7184.57401 15.616 0.006
7184.75934 15.792 0.006
7184.92323 15.522 0.006
7185.72238 15.773 0.006
7185.88925 15.552 0.006
7186.84550 15.494 0.005
7187.62648 15.672 0.006
7187.80962 15.545 0.005
7188.59666 15.725 0.005
7188.78370 15.557 0.006
7189.64184 15.562 0.005
7189.82260 15.557 0.005
7190.61216 15.618 0.005
7190.81061 15.553 0.005
7191.63881 15.585 0.005
7192.84720 15.557 0.005
7192.87245 15.703 0.006
7193.66917 15.575 0.004
7193.85368 15.760 0.005
7194.61668 15.663 0.005
7194.80865 15.786 0.004
7197.64863 15.546 0.005
7197.83542 15.615 0.006
7198.62827 15.590 0.005
7198.81411 15.527 0.006
7199.58850 15.585 0.005
7199.77122 15.554 0.005
7200.52665 15.535 0.005
7200.70639 15.702 0.005
7202.64437 15.615 0.006
7202.86611 15.575 0.006
7206.67782 15.761 0.006
7206.83799 15.546 0.006
7207.64671 15.784 0.006
7207.83585 15.664 0.006
7209.74243 15.552 0.005
7211.52053 15.636 0.006
7211.70284 15.780 0.005
7212.57527 15.714 0.004
7214.65104 15.520 0.004
7217.59901 15.725 0.006
7219.51173 15.767 0.006
7219.71971 15.747 0.005
7220.61146 15.595 0.005
7220.79138 15.762 0.005
7221.58910 15.545 0.005
7221.77150 15.720 0.005
7222.56277 15.533 0.005
7222.77752 15.530 0.005
7223.61756 15.549 0.005
7224.46873 15.562 0.005
7224.66259 15.687 0.006
7225.50079 15.778 0.006
7226.51657 15.536 0.005
7226.70146 15.642 0.005
7227.48515 15.531 0.006
7227.66002 15.660 0.005
7228.48663 15.748 0.006
7228.67070 15.588 0.005
7229.51492 15.545 0.005
7229.67959 15.760 0.005
7233.49283 15.631 0.007
7233.53467 15.719 0.008
7235.69998 15.560 0.005
7236.55971 15.544 0.006
7249.55783 15.794 0.006
7249.70255 15.573 0.006
7252.53641 15.686 0.006
7253.49134 15.641 0.005
7253.68348 15.548 0.005
7255.65107 15.761 0.006
7256.65418 15.589 0.006
7261.50937 15.630 0.007
7261.67037 15.626 0.007
7263.63594 15.569 0.005
7264.58237 15.540 0.005
7265.54566 15.532 0.005
7267.48020 15.545 0.005
7268.48138 15.765 0.005
7268.67680 15.642 0.005
7269.66517 15.696 0.005
7270.60894 15.694 0.005
7271.56480 15.647 0.006
7273.53563 15.656 0.006
7275.54016 15.755 0.007
7277.51491 15.539 0.005
7278.49847 15.561 0.006
7281.51010 15.655 0.007
7284.54963 15.661 0.005
7292.52764 15.664 0.007
7299.56817 15.562 0.005
7318.53199 15.778 0.006
